verkiezing;cbs_gemeentecode;gemeente;cbs_wijkcode;wijknaam;cbs_buurtcode;buurtnaam;bag_referentienummer_stembureau;stembureau_naam;kandidaat;partij;Waarde;stembureau_x;stembureau_y;latitude;longitude;wijk_x;wijk_y;wijk_latitude;wijk_longitude;buurt_x;buurt_y;buurt_latitude;buurt_longitude;woonplaats;nr_stembureau
WS-HDSR2019;G1904;Stichtse Vecht;WK190401;Maarssen;BU19040107;Omgeving Goudestein;0333100000019517;Gemeentekantoor;Otterman, J.A.;Water Natuurlijk;2;130768;461900;52.14476;5.03320;132100;461987;52.14476;5.03320;130880;461879;52.14560;5.52647;Maarssen;1
WS-HDSR2019;G1904;Stichtse Vecht;WK190401;Maarssen;BU19040107;Omgeving Goudestein;0333100000019517;Gemeentekantoor;Jansen, M.L.E.;Water Natuurlijk;0;130768;461900;52.14476;5.03320;132100;461987;52.14476;5.03320;130880;461879;52.14560;5.52647;Maarssen;1
WS-HDSR2019;G1904;Stichtse Vecht;WK190401;Maarssen;BU19040107;Omgeving Goudestein;0333100000019517;Gemeentekantoor;van der Heijden, J.;Water Natuurlijk;0;130768;461900;52.14476;5.03320;132100;461987;52.14476;5.03320;130880;461879;52.14560;5.52647;Maarssen;1
WS-HDSR2019;G1904;Stichtse Vecht;WK190401;Maarssen;BU19040107;Omgeving Goudestein;0333100000019517;Gemeentekantoor;Oskam, G.A.;Water Natuurlijk;0;130768;461900;52.14476;5.03320;132100;461987;52.14476;5.03320;130880;461879;52.14560;5.52647;Maarssen;1
WS-HDSR2019;G1904;Stichtse Vecht;WK190401;Maarssen;BU19040107;Omgeving Goudestein;0333100000019517;Gemeentekantoor;van der Molen, D.T.;Water Natuurlijk;0;130768;461900;52.14476;5.03320;132100;461987;52.14476;5.03320;130880;461879;52.14560;5.52647;Maarssen;1
WS-HDSR2019;G1904;Stichtse Vecht;WK190401;Maarssen;BU19040107;Omgeving Goudestein;0333100000019517;Gemeentekantoor;Dekker-Groen, A.M.;Water Natuurlijk;0;130768;461900;52.14476;5.03320;132100;461987;52.14476;5.03320;130880;461879;52.14560;5.52647;Maarssen;1
WS-HDSR2019;G1904;Stichtse Vecht;WK190401;Maarssen;BU19040107;Omgeving Goudestein;0333100000019517;Gemeentekantoor;van Dam, H.A.;Water Natuurlijk;1;130768;461900;52.14476;5.03320;132100;461987;52.14476;5.03320;130880;461879;52.14560;5.52647;Maarssen;1
WS-HDSR2019;G1904;Stichtse Vecht;WK190401;Maarssen;BU19040107;Omgeving Goudestein;0333100000019517;Gemeentekantoor;de Boer, R.A.;Water Natuurlijk;0;130768;461900;52.14476;5.03320;132100;461987;52.14476;5.03320;130880;461879;52.14560;5.52647;Maarssen;1
WS-HDSR2019;G1904;Stichtse Vecht;WK190401;Maarssen;BU19040107;Omgeving Goudestein;0333100000019517;Gemeentekantoor;van Berckel, A.R.M.;Water Natuurlijk;0;130768;461900;52.14476;5.03320;132100;461987;52.14476;5.03320;130880;461879;52.14560;5.52647;Maarssen;1
WS-HDSR2019;G1904;Stichtse Vecht;WK190401;Maarssen;BU19040107;Omgeving Goudestein;0333100000019517;Gemeentekantoor;ten Heuw, E.W.;Water Natuurlijk;0;130768;461900;52.14476;5.03320;132100;461987;52.14476;5.03320;130880;461879;52.14560;5.52647;Maarssen;1
WS-HDSR2019;G1904;Stichtse Vecht;WK190401;Maarssen;BU19040107;Omgeving Goudestein;0333100000019517;Gemeentekantoor;van der Wal, R.L.;Water Natuurlijk;0;130768;461900;52.14476;5.03320;132100;461987;52.14476;5.03320;130880;461879;52.14560;5.52647;Maarssen;1
WS-HDSR2019;G1904;Stichtse Vecht;WK190401;Maarssen;BU19040107;Omgeving Goudestein;0333100000019517;Gemeentekantoor;Kortekaas, M.L.;Water Natuurlijk;0;130768;461900;52.14476;5.03320;132100;461987;52.14476;5.03320;130880;461879;52.14560;5.52647;Maarssen;1
WS-HDSR2019;G1904;Stichtse Vecht;WK190401;Maarssen;BU19040107;Omgeving Goudestein;0333100000019517;Gemeentekantoor;Boerkamp, J.G.;Water Natuurlijk;0;130768;461900;52.14476;5.03320;132100;461987;52.14476;5.03320;130880;461879;52.14560;5.52647;Maarssen;1
WS-HDSR2019;G1904;Stichtse Vecht;WK190401;Maarssen;BU19040107;Omgeving Goudestein;0333100000019517;Gemeentekantoor;Nobel, A.C.;Water Natuurlijk;0;130768;461900;52.14476;5.03320;132100;461987;52.14476;5.03320;130880;461879;52.14560;5.52647;Maarssen;1
WS-HDSR2019;G1904;Stichtse Vecht;WK190401;Maarssen;BU19040107;Omgeving Goudestein;0333100000019517;Gemeentekantoor;Kingma, J.H.;Water Natuurlijk;0;130768;461900;52.14476;5.03320;132100;461987;52.14476;5.03320;130880;461879;52.14560;5.52647;Maarssen;1
WS-HDSR2019;G1904;Stichtse Vecht;WK190401;Maarssen;BU19040107;Omgeving Goudestein;0333100000019517;Gemeentekantoor;Aulich, K.M.;Water Natuurlijk;0;130768;461900;52.14476;5.03320;132100;461987;52.14476;5.03320;130880;461879;52.14560;5.52647;Maarssen;1
WS-HDSR2019;G1904;Stichtse Vecht;WK190401;Maarssen;BU19040107;Omgeving Goudestein;0333100000019517;Gemeentekantoor;Veldboer, S.J.H.M.;Water Natuurlijk;0;130768;461900;52.14476;5.03320;132100;461987;52.14476;5.03320;130880;461879;52.14560;5.52647;Maarssen;1
WS-HDSR2019;G1904;Stichtse Vecht;WK190401;Maarssen;BU19040107;Omgeving Goudestein;0333100000019517;Gemeentekantoor;Bijker, W.H.;Water Natuurlijk;1;130768;461900;52.14476;5.03320;132100;461987;52.14476;5.03320;130880;461879;52.14560;5.52647;Maarssen;1
WS-HDSR2019;G1904;Stichtse Vecht;WK190401;Maarssen;BU19040107;Omgeving Goudestein;0333100000019517;Gemeentekantoor;Tigchelhoff, A.;Water Natuurlijk;0;130768;461900;52.14476;5.03320;132100;461987;52.14476;5.03320;130880;461879;52.14560;5.52647;Maarssen;1
WS-HDSR2019;G1904;Stichtse Vecht;WK190401;Maarssen;BU19040107;Omgeving Goudestein;0333100000019517;Gemeentekantoor;Kloppenborg, J.F.M.;Water Natuurlijk;0;130768;461900;52.14476;5.03320;132100;461987;52.14476;5.03320;130880;461879;52.14560;5.52647;Maarssen;1
WS-HDSR2019;G1904;Stichtse Vecht;WK190401;Maarssen;BU19040107;Omgeving Goudestein;0333100000019517;Gemeentekantoor;Goedvolk, P.A.M.;Water Natuurlijk;0;130768;461900;52.14476;5.03320;132100;461987;52.14476;5.03320;130880;461879;52.14560;5.52647;Maarssen;1
WS-HDSR2019;G1904;Stichtse Vecht;WK190401;Maarssen;BU19040107;Omgeving Goudestein;0333100000019517;Gemeentekantoor;Ket, P.C.;Water Natuurlijk;0;130768;461900;52.14476;5.03320;132100;461987;52.14476;5.03320;130880;461879;52.14560;5.52647;Maarssen;1
WS-HDSR2019;G1904;Stichtse Vecht;WK190401;Maarssen;BU19040107;Omgeving Goudestein;0333100000019517;Gemeentekantoor;Gnodde, M.W.J.;Water Natuurlijk;0;130768;461900;52.14476;5.03320;132100;461987;52.14476;5.03320;130880;461879;52.14560;5.52647;Maarssen;1
WS-HDSR2019;G1904;Stichtse Vecht;WK190401;Maarssen;BU19040107;Omgeving Goudestein;0333100000019517;Gemeentekantoor;Zandvliet, H.C.A.;Water Natuurlijk;0;130768;461900;52.14476;5.03320;132100;461987;52.14476;5.03320;130880;461879;52.14560;5.52647;Maarssen;1
WS-HDSR2019;G1904;Stichtse Vecht;WK190401;Maarssen;BU19040107;Omgeving Goudestein;0333100000019517;Gemeentekantoor;Karelse, J.J.H.G.D.;Water Natuurlijk;0;130768;461900;52.14476;5.03320;132100;461987;52.14476;5.03320;130880;461879;52.14560;5.52647;Maarssen;1
WS-HDSR2019;G1904;Stichtse Vecht;WK190401;Maarssen;BU19040107;Omgeving Goudestein;0333100000019517;Gemeentekantoor;Schuhmacher, T.;Water Natuurlijk;2;130768;461900;52.14476;5.03320;132100;461987;52.14476;5.03320;130880;461879;52.14560;5.52647;Maarssen;1
WS-HDSR2019;G1904;Stichtse Vecht;WK190401;Maarssen;BU19040107;Omgeving Goudestein;0333100000019517;Gemeentekantoor;Dirkse, F.R.;Water Natuurlijk;0;130768;461900;52.14476;5.03320;132100;461987;52.14476;5.03320;130880;461879;52.14560;5.52647;Maarssen;1
WS-HDSR2019;G1904;Stichtse Vecht;WK190401;Maarssen;BU19040107;Omgeving Goudestein;0333100000019517;Gemeentekantoor;Hoogeveen, H.J.;Water Natuurlijk;0;130768;461900;52.14476;5.03320;132100;461987;52.14476;5.03320;130880;461879;52.14560;5.52647;Maarssen;1
WS-HDSR2019;G1904;Stichtse Vecht;WK190401;Maarssen;BU19040107;Omgeving Goudestein;0333100000019517;Gemeentekantoor;Langenbach, J.W.H.;Water Natuurlijk;0;130768;461900;52.14476;5.03320;132100;461987;52.14476;5.03320;130880;461879;52.14560;5.52647;Maarssen;1
WS-HDSR2019;G1904;Stichtse Vecht;WK190401;Maarssen;BU19040107;Omgeving Goudestein;0333100000019517;Gemeentekantoor;Boot, J.L.J.;Water Natuurlijk;0;130768;461900;52.14476;5.03320;132100;461987;52.14476;5.03320;130880;461879;52.14560;5.52647;Maarssen;1
WS-HDSR2019;G1904;Stichtse Vecht;WK190401;Maarssen;BU19040107;Omgeving Goudestein;0333100000019517;Gemeentekantoor;van der Vorm-Gouman, E.;Water Natuurlijk;0;130768;461900;52.14476;5.03320;132100;461987;52.14476;5.03320;130880;461879;52.14560;5.52647;Maarssen;1
WS-HDSR2019;G1904;Stichtse Vecht;WK190401;Maarssen;BU19040107;Omgeving Goudestein;0333100000019517;Gemeentekantoor;Jansen, G.J.P.;Water Natuurlijk;0;130768;461900;52.14476;5.03320;132100;461987;52.14476;5.03320;130880;461879;52.14560;5.52647;Maarssen;1
WS-HDSR2019;G1904;Stichtse Vecht;WK190401;Maarssen;BU19040107;Omgeving Goudestein;0333100000019517;Gemeentekantoor;Becht, G.F.;Water Natuurlijk;0;130768;461900;52.14476;5.03320;132100;461987;52.14476;5.03320;130880;461879;52.14560;5.52647;Maarssen;1
WS-HDSR2019;G1904;Stichtse Vecht;WK190401;Maarssen;BU19040107;Omgeving Goudestein;0333100000019517;Gemeentekantoor;van Oostenbrugge, R.;Water Natuurlijk;0;130768;461900;52.14476;5.03320;132100;461987;52.14476;5.03320;130880;461879;52.14560;5.52647;Maarssen;1
WS-HDSR2019;G1904;Stichtse Vecht;WK190401;Maarssen;BU19040107;Omgeving Goudestein;0333100000019517;Gemeentekantoor;de Jonge, P.C.;Water Natuurlijk;0;130768;461900;52.14476;5.03320;132100;461987;52.14476;5.03320;130880;461879;52.14560;5.52647;Maarssen;1
WS-HDSR2019;G1904;Stichtse Vecht;WK190401;Maarssen;BU19040107;Omgeving Goudestein;0333100000019517;Gemeentekantoor;Naber, J.M.L.;Water Natuurlijk;0;130768;461900;52.14476;5.03320;132100;461987;52.14476;5.03320;130880;461879;52.14560;5.52647;Maarssen;1
WS-HDSR2019;G1904;Stichtse Vecht;WK190401;Maarssen;BU19040107;Omgeving Goudestein;0333100000019517;Gemeentekantoor;Duindam, J.I.M.;Water Natuurlijk;0;130768;461900;52.14476;5.03320;132100;461987;52.14476;5.03320;130880;461879;52.14560;5.52647;Maarssen;1
WS-HDSR2019;G1904;Stichtse Vecht;WK190401;Maarssen;BU19040107;Omgeving Goudestein;0333100000019517;Gemeentekantoor;Lintmeijer, F.C.W.C.;Water Natuurlijk;0;130768;461900;52.14476;5.03320;132100;461987;52.14476;5.03320;130880;461879;52.14560;5.52647;Maarssen;1
WS-HDSR2019;G1904;Stichtse Vecht;WK190401;Maarssen;BU19040107;Omgeving Goudestein;0333100000019517;Gemeentekantoor;Koster-Dreese, Y.;Water Natuurlijk;0;130768;461900;52.14476;5.03320;132100;461987;52.14476;5.03320;130880;461879;52.14560;5.52647;Maarssen;1
WS-HDSR2019;G1904;Stichtse Vecht;WK190401;Maarssen;BU19040107;Omgeving Goudestein;0333100000019517;Gemeentekantoor;Beugelink, G.P.;Water Natuurlijk;0;130768;461900;52.14476;5.03320;132100;461987;52.14476;5.03320;130880;461879;52.14560;5.52647;Maarssen;1
WS-HDSR2019;G1904;Stichtse Vecht;WK190401;Maarssen;BU19040107;Omgeving Goudestein;0333100000019517;Gemeentekantoor;van Essen, H.P.;Water Natuurlijk;0;130768;461900;52.14476;5.03320;132100;461987;52.14476;5.03320;130880;461879;52.14560;5.52647;Maarssen;1
WS-HDSR2019;G1904;Stichtse Vecht;WK190401;Maarssen;BU19040107;Omgeving Goudestein;0333100000019517;Gemeentekantoor;Snoeren, P.W.M.;Water Natuurlijk;0;130768;461900;52.14476;5.03320;132100;461987;52.14476;5.03320;130880;461879;52.14560;5.52647;Maarssen;1
WS-HDSR2019;G1904;Stichtse Vecht;WK190401;Maarssen;BU19040107;Omgeving Goudestein;0333100000019517;Gemeentekantoor;Groenendijk, S.;VVD;7;130768;461900;52.14476;5.03320;132100;461987;52.14476;5.03320;130880;461879;52.14560;5.52647;Maarssen;1
WS-HDSR2019;G1904;Stichtse Vecht;WK190401;Maarssen;BU19040107;Omgeving Goudestein;0333100000019517;Gemeentekantoor;van der Sterre, P.J.;VVD;0;130768;461900;52.14476;5.03320;132100;461987;52.14476;5.03320;130880;461879;52.14560;5.52647;Maarssen;1
WS-HDSR2019;G1904;Stichtse Vecht;WK190401;Maarssen;BU19040107;Omgeving Goudestein;0333100000019517;Gemeentekantoor;Eijsbroek, N.;VVD;1;130768;461900;52.14476;5.03320;132100;461987;52.14476;5.03320;130880;461879;52.14560;5.52647;Maarssen;1
WS-HDSR2019;G1904;Stichtse Vecht;WK190401;Maarssen;BU19040107;Omgeving Goudestein;0333100000019517;Gemeentekantoor;van Winden, A.J.;VVD;0;130768;461900;52.14476;5.03320;132100;461987;52.14476;5.03320;130880;461879;52.14560;5.52647;Maarssen;1
WS-HDSR2019;G1904;Stichtse Vecht;WK190401;Maarssen;BU19040107;Omgeving Goudestein;0333100000019517;Gemeentekantoor;van Baaren, J.;VVD;0;130768;461900;52.14476;5.03320;132100;461987;52.14476;5.03320;130880;461879;52.14560;5.52647;Maarssen;1
WS-HDSR2019;G1904;Stichtse Vecht;WK190401;Maarssen;BU19040107;Omgeving Goudestein;0333100000019517;Gemeentekantoor;Kapper, S.R.;VVD;0;130768;461900;52.14476;5.03320;132100;461987;52.14476;5.03320;130880;461879;52.14560;5.52647;Maarssen;1
WS-HDSR2019;G1904;Stichtse Vecht;WK190401;Maarssen;BU19040107;Omgeving Goudestein;0333100000019517;Gemeentekantoor;Michielsen, P.F.M.;VVD;0;130768;461900;52.14476;5.03320;132100;461987;52.14476;5.03320;130880;461879;52.14560;5.52647;Maarssen;1
WS-HDSR2019;G1904;Stichtse Vecht;WK190401;Maarssen;BU19040107;Omgeving Goudestein;0333100000019517;Gemeentekantoor;Trapman, E.G.J.H.;VVD;0;130768;461900;52.14476;5.03320;132100;461987;52.14476;5.03320;130880;461879;52.14560;5.52647;Maarssen;1
WS-HDSR2019;G1904;Stichtse Vecht;WK190401;Maarssen;BU19040107;Omgeving Goudestein;0333100000019517;Gemeentekantoor;de Jong, B.;CDA;5;130768;461900;52.14476;5.03320;132100;461987;52.14476;5.03320;130880;461879;52.14560;5.52647;Maarssen;1
WS-HDSR2019;G1904;Stichtse Vecht;WK190401;Maarssen;BU19040107;Omgeving Goudestein;0333100000019517;Gemeentekantoor;Sommer-de Vries, K.H.;CDA;0;130768;461900;52.14476;5.03320;132100;461987;52.14476;5.03320;130880;461879;52.14560;5.52647;Maarssen;1
WS-HDSR2019;G1904;Stichtse Vecht;WK190401;Maarssen;BU19040107;Omgeving Goudestein;0333100000019517;Gemeentekantoor;Droogers, J.A.G.W.;CDA;0;130768;461900;52.14476;5.03320;132100;461987;52.14476;5.03320;130880;461879;52.14560;5.52647;Maarssen;1
WS-HDSR2019;G1904;Stichtse Vecht;WK190401;Maarssen;BU19040107;Omgeving Goudestein;0333100000019517;Gemeentekantoor;Bakker, P.J.I.;CDA;0;130768;461900;52.14476;5.03320;132100;461987;52.14476;5.03320;130880;461879;52.14560;5.52647;Maarssen;1
WS-HDSR2019;G1904;Stichtse Vecht;WK190401;Maarssen;BU19040107;Omgeving Goudestein;0333100000019517;Gemeentekantoor;de Roos, T.L.;CDA;0;130768;461900;52.14476;5.03320;132100;461987;52.14476;5.03320;130880;461879;52.14560;5.52647;Maarssen;1
WS-HDSR2019;G1904;Stichtse Vecht;WK190401;Maarssen;BU19040107;Omgeving Goudestein;0333100000019517;Gemeentekantoor;Roorda, F.A.;CDA;0;130768;461900;52.14476;5.03320;132100;461987;52.14476;5.03320;130880;461879;52.14560;5.52647;Maarssen;1
WS-HDSR2019;G1904;Stichtse Vecht;WK190401;Maarssen;BU19040107;Omgeving Goudestein;0333100000019517;Gemeentekantoor;Adriani-Wempe, H.J.;CDA;0;130768;461900;52.14476;5.03320;132100;461987;52.14476;5.03320;130880;461879;52.14560;5.52647;Maarssen;1
WS-HDSR2019;G1904;Stichtse Vecht;WK190401;Maarssen;BU19040107;Omgeving Goudestein;0333100000019517;Gemeentekantoor;Verbij, A.L.G.;CDA;0;130768;461900;52.14476;5.03320;132100;461987;52.14476;5.03320;130880;461879;52.14560;5.52647;Maarssen;1
WS-HDSR2019;G1904;Stichtse Vecht;WK190401;Maarssen;BU19040107;Omgeving Goudestein;0333100000019517;Gemeentekantoor;van Arendonk, L.A.A.M.;CDA;0;130768;461900;52.14476;5.03320;132100;461987;52.14476;5.03320;130880;461879;52.14560;5.52647;Maarssen;1
WS-HDSR2019;G1904;Stichtse Vecht;WK190401;Maarssen;BU19040107;Omgeving Goudestein;0333100000019517;Gemeentekantoor;van Petersen, H.G.J.;CDA;0;130768;461900;52.14476;5.03320;132100;461987;52.14476;5.03320;130880;461879;52.14560;5.52647;Maarssen;1
WS-HDSR2019;G1904;Stichtse Vecht;WK190401;Maarssen;BU19040107;Omgeving Goudestein;0333100000019517;Gemeentekantoor;Vinkenburg, J.H.W.M.;CDA;0;130768;461900;52.14476;5.03320;132100;461987;52.14476;5.03320;130880;461879;52.14560;5.52647;Maarssen;1
WS-HDSR2019;G1904;Stichtse Vecht;WK190401;Maarssen;BU19040107;Omgeving Goudestein;0333100000019517;Gemeentekantoor;van der Spek, W.J.;CDA;0;130768;461900;52.14476;5.03320;132100;461987;52.14476;5.03320;130880;461879;52.14560;5.52647;Maarssen;1
WS-HDSR2019;G1904;Stichtse Vecht;WK190401;Maarssen;BU19040107;Omgeving Goudestein;0333100000019517;Gemeentekantoor;de Regt, A.M.;CDA;0;130768;461900;52.14476;5.03320;132100;461987;52.14476;5.03320;130880;461879;52.14560;5.52647;Maarssen;1
WS-HDSR2019;G1904;Stichtse Vecht;WK190401;Maarssen;BU19040107;Omgeving Goudestein;0333100000019517;Gemeentekantoor;Overbeek, K.B.J.;CDA;0;130768;461900;52.14476;5.03320;132100;461987;52.14476;5.03320;130880;461879;52.14560;5.52647;Maarssen;1
WS-HDSR2019;G1904;Stichtse Vecht;WK190401;Maarssen;BU19040107;Omgeving Goudestein;0333100000019517;Gemeentekantoor;Jonkers, C.A.;CDA;0;130768;461900;52.14476;5.03320;132100;461987;52.14476;5.03320;130880;461879;52.14560;5.52647;Maarssen;1
WS-HDSR2019;G1904;Stichtse Vecht;WK190401;Maarssen;BU19040107;Omgeving Goudestein;0333100000019517;Gemeentekantoor;Bunnik, R.P.;CDA;0;130768;461900;52.14476;5.03320;132100;461987;52.14476;5.03320;130880;461879;52.14560;5.52647;Maarssen;1
WS-HDSR2019;G1904;Stichtse Vecht;WK190401;Maarssen;BU19040107;Omgeving Goudestein;0333100000019517;Gemeentekantoor;van der Honing, H.;CDA;0;130768;461900;52.14476;5.03320;132100;461987;52.14476;5.03320;130880;461879;52.14560;5.52647;Maarssen;1
WS-HDSR2019;G1904;Stichtse Vecht;WK190401;Maarssen;BU19040107;Omgeving Goudestein;0333100000019517;Gemeentekantoor;Keestra, J.M.;CDA;1;130768;461900;52.14476;5.03320;132100;461987;52.14476;5.03320;130880;461879;52.14560;5.52647;Maarssen;1
WS-HDSR2019;G1904;Stichtse Vecht;WK190401;Maarssen;BU19040107;Omgeving Goudestein;0333100000019517;Gemeentekantoor;van Wijk, W.A.M.;CDA;0;130768;461900;52.14476;5.03320;132100;461987;52.14476;5.03320;130880;461879;52.14560;5.52647;Maarssen;1
WS-HDSR2019;G1904;Stichtse Vecht;WK190401;Maarssen;BU19040107;Omgeving Goudestein;0333100000019517;Gemeentekantoor;Vernie, L.N.;CDA;0;130768;461900;52.14476;5.03320;132100;461987;52.14476;5.03320;130880;461879;52.14560;5.52647;Maarssen;1
WS-HDSR2019;G1904;Stichtse Vecht;WK190401;Maarssen;BU19040107;Omgeving Goudestein;0333100000019517;Gemeentekantoor;Tiggeloven, A.B.M.;CDA;0;130768;461900;52.14476;5.03320;132100;461987;52.14476;5.03320;130880;461879;52.14560;5.52647;Maarssen;1
WS-HDSR2019;G1904;Stichtse Vecht;WK190401;Maarssen;BU19040107;Omgeving Goudestein;0333100000019517;Gemeentekantoor;Muijs, A.J.A.;CDA;0;130768;461900;52.14476;5.03320;132100;461987;52.14476;5.03320;130880;461879;52.14560;5.52647;Maarssen;1
WS-HDSR2019;G1904;Stichtse Vecht;WK190401;Maarssen;BU19040107;Omgeving Goudestein;0333100000019517;Gemeentekantoor;van Kippersluis, F.P.;CDA;0;130768;461900;52.14476;5.03320;132100;461987;52.14476;5.03320;130880;461879;52.14560;5.52647;Maarssen;1
WS-HDSR2019;G1904;Stichtse Vecht;WK190401;Maarssen;BU19040107;Omgeving Goudestein;0333100000019517;Gemeentekantoor;Migchels, G.;CDA;0;130768;461900;52.14476;5.03320;132100;461987;52.14476;5.03320;130880;461879;52.14560;5.52647;Maarssen;1
WS-HDSR2019;G1904;Stichtse Vecht;WK190401;Maarssen;BU19040107;Omgeving Goudestein;0333100000019517;Gemeentekantoor;Baars, J.G.;CDA;0;130768;461900;52.14476;5.03320;132100;461987;52.14476;5.03320;130880;461879;52.14560;5.52647;Maarssen;1
WS-HDSR2019;G1904;Stichtse Vecht;WK190401;Maarssen;BU19040107;Omgeving Goudestein;0333100000019517;Gemeentekantoor;Blom-Oosterhoff, R.C.;CDA;0;130768;461900;52.14476;5.03320;132100;461987;52.14476;5.03320;130880;461879;52.14560;5.52647;Maarssen;1
WS-HDSR2019;G1904;Stichtse Vecht;WK190401;Maarssen;BU19040107;Omgeving Goudestein;0333100000019517;Gemeentekantoor;Jansen op de Haar, C.G.;Partij van de Arbeid (P.v.d.A.);2;130768;461900;52.14476;5.03320;132100;461987;52.14476;5.03320;130880;461879;52.14560;5.52647;Maarssen;1
WS-HDSR2019;G1904;Stichtse Vecht;WK190401;Maarssen;BU19040107;Omgeving Goudestein;0333100000019517;Gemeentekantoor;van Zoelen, N.M.;Partij van de Arbeid (P.v.d.A.);1;130768;461900;52.14476;5.03320;132100;461987;52.14476;5.03320;130880;461879;52.14560;5.52647;Maarssen;1
WS-HDSR2019;G1904;Stichtse Vecht;WK190401;Maarssen;BU19040107;Omgeving Goudestein;0333100000019517;Gemeentekantoor;van Bork, F.J.;Partij van de Arbeid (P.v.d.A.);0;130768;461900;52.14476;5.03320;132100;461987;52.14476;5.03320;130880;461879;52.14560;5.52647;Maarssen;1
WS-HDSR2019;G1904;Stichtse Vecht;WK190401;Maarssen;BU19040107;Omgeving Goudestein;0333100000019517;Gemeentekantoor;Heesen, W.A.;Partij van de Arbeid (P.v.d.A.);0;130768;461900;52.14476;5.03320;132100;461987;52.14476;5.03320;130880;461879;52.14560;5.52647;Maarssen;1
WS-HDSR2019;G1904;Stichtse Vecht;WK190401;Maarssen;BU19040107;Omgeving Goudestein;0333100000019517;Gemeentekantoor;Reerink, J.G.M.;Partij van de Arbeid (P.v.d.A.);0;130768;461900;52.14476;5.03320;132100;461987;52.14476;5.03320;130880;461879;52.14560;5.52647;Maarssen;1
WS-HDSR2019;G1904;Stichtse Vecht;WK190401;Maarssen;BU19040107;Omgeving Goudestein;0333100000019517;Gemeentekantoor;Mulder, G.G.J.;Partij van de Arbeid (P.v.d.A.);0;130768;461900;52.14476;5.03320;132100;461987;52.14476;5.03320;130880;461879;52.14560;5.52647;Maarssen;1
WS-HDSR2019;G1904;Stichtse Vecht;WK190401;Maarssen;BU19040107;Omgeving Goudestein;0333100000019517;Gemeentekantoor;Steen, J.H.;Partij van de Arbeid (P.v.d.A.);0;130768;461900;52.14476;5.03320;132100;461987;52.14476;5.03320;130880;461879;52.14560;5.52647;Maarssen;1
WS-HDSR2019;G1904;Stichtse Vecht;WK190401;Maarssen;BU19040107;Omgeving Goudestein;0333100000019517;Gemeentekantoor;Jeddaoui, S.;Partij van de Arbeid (P.v.d.A.);1;130768;461900;52.14476;5.03320;132100;461987;52.14476;5.03320;130880;461879;52.14560;5.52647;Maarssen;1
WS-HDSR2019;G1904;Stichtse Vecht;WK190401;Maarssen;BU19040107;Omgeving Goudestein;0333100000019517;Gemeentekantoor;Meijerink, M.S.J.;Partij van de Arbeid (P.v.d.A.);0;130768;461900;52.14476;5.03320;132100;461987;52.14476;5.03320;130880;461879;52.14560;5.52647;Maarssen;1
WS-HDSR2019;G1904;Stichtse Vecht;WK190401;Maarssen;BU19040107;Omgeving Goudestein;0333100000019517;Gemeentekantoor;Dubbink, J.;Partij van de Arbeid (P.v.d.A.);0;130768;461900;52.14476;5.03320;132100;461987;52.14476;5.03320;130880;461879;52.14560;5.52647;Maarssen;1
WS-HDSR2019;G1904;Stichtse Vecht;WK190401;Maarssen;BU19040107;Omgeving Goudestein;0333100000019517;Gemeentekantoor;Kaas, D.;Partij van de Arbeid (P.v.d.A.);0;130768;461900;52.14476;5.03320;132100;461987;52.14476;5.03320;130880;461879;52.14560;5.52647;Maarssen;1
WS-HDSR2019;G1904;Stichtse Vecht;WK190401;Maarssen;BU19040107;Omgeving Goudestein;0333100000019517;Gemeentekantoor;van Dijk, M.J.;Partij van de Arbeid (P.v.d.A.);1;130768;461900;52.14476;5.03320;132100;461987;52.14476;5.03320;130880;461879;52.14560;5.52647;Maarssen;1
WS-HDSR2019;G1904;Stichtse Vecht;WK190401;Maarssen;BU19040107;Omgeving Goudestein;0333100000019517;Gemeentekantoor;Boer, A.;Partij van de Arbeid (P.v.d.A.);0;130768;461900;52.14476;5.03320;132100;461987;52.14476;5.03320;130880;461879;52.14560;5.52647;Maarssen;1
WS-HDSR2019;G1904;Stichtse Vecht;WK190401;Maarssen;BU19040107;Omgeving Goudestein;0333100000019517;Gemeentekantoor;Dibi, B.;Partij van de Arbeid (P.v.d.A.);0;130768;461900;52.14476;5.03320;132100;461987;52.14476;5.03320;130880;461879;52.14560;5.52647;Maarssen;1
WS-HDSR2019;G1904;Stichtse Vecht;WK190401;Maarssen;BU19040107;Omgeving Goudestein;0333100000019517;Gemeentekantoor;van Hoof-Ward, M.;Partij van de Arbeid (P.v.d.A.);0;130768;461900;52.14476;5.03320;132100;461987;52.14476;5.03320;130880;461879;52.14560;5.52647;Maarssen;1
WS-HDSR2019;G1904;Stichtse Vecht;WK190401;Maarssen;BU19040107;Omgeving Goudestein;0333100000019517;Gemeentekantoor;van Alfen, I.H.;Partij van de Arbeid (P.v.d.A.);0;130768;461900;52.14476;5.03320;132100;461987;52.14476;5.03320;130880;461879;52.14560;5.52647;Maarssen;1
WS-HDSR2019;G1904;Stichtse Vecht;WK190401;Maarssen;BU19040107;Omgeving Goudestein;0333100000019517;Gemeentekantoor;Vellekoop, L.E.C.;Partij van de Arbeid (P.v.d.A.);0;130768;461900;52.14476;5.03320;132100;461987;52.14476;5.03320;130880;461879;52.14560;5.52647;Maarssen;1
WS-HDSR2019;G1904;Stichtse Vecht;WK190401;Maarssen;BU19040107;Omgeving Goudestein;0333100000019517;Gemeentekantoor;Travaille, A.;Partij voor de Dieren;2;130768;461900;52.14476;5.03320;132100;461987;52.14476;5.03320;130880;461879;52.14560;5.52647;Maarssen;1
WS-HDSR2019;G1904;Stichtse Vecht;WK190401;Maarssen;BU19040107;Omgeving Goudestein;0333100000019517;Gemeentekantoor;van der Steeg, W.;Partij voor de Dieren;0;130768;461900;52.14476;5.03320;132100;461987;52.14476;5.03320;130880;461879;52.14560;5.52647;Maarssen;1
WS-HDSR2019;G1904;Stichtse Vecht;WK190401;Maarssen;BU19040107;Omgeving Goudestein;0333100000019517;Gemeentekantoor;van der Kruk, R.;Partij voor de Dieren;0;130768;461900;52.14476;5.03320;132100;461987;52.14476;5.03320;130880;461879;52.14560;5.52647;Maarssen;1
WS-HDSR2019;G1904;Stichtse Vecht;WK190401;Maarssen;BU19040107;Omgeving Goudestein;0333100000019517;Gemeentekantoor;Dam, F.;Partij voor de Dieren;0;130768;461900;52.14476;5.03320;132100;461987;52.14476;5.03320;130880;461879;52.14560;5.52647;Maarssen;1
WS-HDSR2019;G1904;Stichtse Vecht;WK190401;Maarssen;BU19040107;Omgeving Goudestein;0333100000019517;Gemeentekantoor;Hendriks, M.A.;Partij voor de Dieren;1;130768;461900;52.14476;5.03320;132100;461987;52.14476;5.03320;130880;461879;52.14560;5.52647;Maarssen;1
WS-HDSR2019;G1904;Stichtse Vecht;WK190401;Maarssen;BU19040107;Omgeving Goudestein;0333100000019517;Gemeentekantoor;Korteweg, E.I.;Partij voor de Dieren;0;130768;461900;52.14476;5.03320;132100;461987;52.14476;5.03320;130880;461879;52.14560;5.52647;Maarssen;1
WS-HDSR2019;G1904;Stichtse Vecht;WK190401;Maarssen;BU19040107;Omgeving Goudestein;0333100000019517;Gemeentekantoor;Verkleij-Torenbeek, C.;Partij voor de Dieren;0;130768;461900;52.14476;5.03320;132100;461987;52.14476;5.03320;130880;461879;52.14560;5.52647;Maarssen;1
WS-HDSR2019;G1904;Stichtse Vecht;WK190401;Maarssen;BU19040107;Omgeving Goudestein;0333100000019517;Gemeentekantoor;Oskam, S.W.;Partij voor de Dieren;0;130768;461900;52.14476;5.03320;132100;461987;52.14476;5.03320;130880;461879;52.14560;5.52647;Maarssen;1
WS-HDSR2019;G1904;Stichtse Vecht;WK190401;Maarssen;BU19040107;Omgeving Goudestein;0333100000019517;Gemeentekantoor;Bodewitz, W.A.;Partij voor de Dieren;0;130768;461900;52.14476;5.03320;132100;461987;52.14476;5.03320;130880;461879;52.14560;5.52647;Maarssen;1
WS-HDSR2019;G1904;Stichtse Vecht;WK190401;Maarssen;BU19040107;Omgeving Goudestein;0333100000019517;Gemeentekantoor;Verkaik, E.;Waterschap@inwonersbelangen;2;130768;461900;52.14476;5.03320;132100;461987;52.14476;5.03320;130880;461879;52.14560;5.52647;Maarssen;1
WS-HDSR2019;G1904;Stichtse Vecht;WK190401;Maarssen;BU19040107;Omgeving Goudestein;0333100000019517;Gemeentekantoor;Ketting, H.B.G.;Waterschap@inwonersbelangen;1;130768;461900;52.14476;5.03320;132100;461987;52.14476;5.03320;130880;461879;52.14560;5.52647;Maarssen;1
WS-HDSR2019;G1904;Stichtse Vecht;WK190401;Maarssen;BU19040107;Omgeving Goudestein;0333100000019517;Gemeentekantoor;Haaxma, A.;Waterschap@inwonersbelangen;1;130768;461900;52.14476;5.03320;132100;461987;52.14476;5.03320;130880;461879;52.14560;5.52647;Maarssen;1
WS-HDSR2019;G1904;Stichtse Vecht;WK190401;Maarssen;BU19040107;Omgeving Goudestein;0333100000019517;Gemeentekantoor;Zandbergen, G.;Waterschap@inwonersbelangen;0;130768;461900;52.14476;5.03320;132100;461987;52.14476;5.03320;130880;461879;52.14560;5.52647;Maarssen;1
WS-HDSR2019;G1904;Stichtse Vecht;WK190401;Maarssen;BU19040107;Omgeving Goudestein;0333100000019517;Gemeentekantoor;van Leeuwen-van der Horst, L.P.T.;Waterschap@inwonersbelangen;0;130768;461900;52.14476;5.03320;132100;461987;52.14476;5.03320;130880;461879;52.14560;5.52647;Maarssen;1
WS-HDSR2019;G1904;Stichtse Vecht;WK190401;Maarssen;BU19040107;Omgeving Goudestein;0333100000019517;Gemeentekantoor;van der Does, J.C.;Waterschap@inwonersbelangen;0;130768;461900;52.14476;5.03320;132100;461987;52.14476;5.03320;130880;461879;52.14560;5.52647;Maarssen;1
WS-HDSR2019;G1904;Stichtse Vecht;WK190401;Maarssen;BU19040107;Omgeving Goudestein;0333100000019517;Gemeentekantoor;van Niel, D.A.;Waterschap@inwonersbelangen;0;130768;461900;52.14476;5.03320;132100;461987;52.14476;5.03320;130880;461879;52.14560;5.52647;Maarssen;1
WS-HDSR2019;G1904;Stichtse Vecht;WK190401;Maarssen;BU19040107;Omgeving Goudestein;0333100000019517;Gemeentekantoor;Borst-Kruithof, K.;Waterschap@inwonersbelangen;0;130768;461900;52.14476;5.03320;132100;461987;52.14476;5.03320;130880;461879;52.14560;5.52647;Maarssen;1
WS-HDSR2019;G1904;Stichtse Vecht;WK190401;Maarssen;BU19040107;Omgeving Goudestein;0333100000019517;Gemeentekantoor;Voorendt, T.C.M.;Waterschap@inwonersbelangen;0;130768;461900;52.14476;5.03320;132100;461987;52.14476;5.03320;130880;461879;52.14560;5.52647;Maarssen;1
WS-HDSR2019;G1904;Stichtse Vecht;WK190401;Maarssen;BU19040107;Omgeving Goudestein;0333100000019517;Gemeentekantoor;de With, F.;Waterschap@inwonersbelangen;0;130768;461900;52.14476;5.03320;132100;461987;52.14476;5.03320;130880;461879;52.14560;5.52647;Maarssen;1
WS-HDSR2019;G1904;Stichtse Vecht;WK190401;Maarssen;BU19040107;Omgeving Goudestein;0333100000019517;Gemeentekantoor;Boer, W.J.;Waterschap@inwonersbelangen;0;130768;461900;52.14476;5.03320;132100;461987;52.14476;5.03320;130880;461879;52.14560;5.52647;Maarssen;1
WS-HDSR2019;G1904;Stichtse Vecht;WK190401;Maarssen;BU19040107;Omgeving Goudestein;0333100000019517;Gemeentekantoor;Verkaik, L.J.C.;Waterschap@inwonersbelangen;0;130768;461900;52.14476;5.03320;132100;461987;52.14476;5.03320;130880;461879;52.14560;5.52647;Maarssen;1
WS-HDSR2019;G1904;Stichtse Vecht;WK190401;Maarssen;BU19040107;Omgeving Goudestein;0333100000019517;Gemeentekantoor;Streekstra, S.;Waterschap@inwonersbelangen;0;130768;461900;52.14476;5.03320;132100;461987;52.14476;5.03320;130880;461879;52.14560;5.52647;Maarssen;1
WS-HDSR2019;G1904;Stichtse Vecht;WK190401;Maarssen;BU19040107;Omgeving Goudestein;0333100000019517;Gemeentekantoor;van Kranenburg, C.J.;ChristenUnie;0;130768;461900;52.14476;5.03320;132100;461987;52.14476;5.03320;130880;461879;52.14560;5.52647;Maarssen;1
WS-HDSR2019;G1904;Stichtse Vecht;WK190401;Maarssen;BU19040107;Omgeving Goudestein;0333100000019517;Gemeentekantoor;van de Belt, D.;ChristenUnie;0;130768;461900;52.14476;5.03320;132100;461987;52.14476;5.03320;130880;461879;52.14560;5.52647;Maarssen;1
WS-HDSR2019;G1904;Stichtse Vecht;WK190401;Maarssen;BU19040107;Omgeving Goudestein;0333100000019517;Gemeentekantoor;Pleijsier, C.S.;ChristenUnie;2;130768;461900;52.14476;5.03320;132100;461987;52.14476;5.03320;130880;461879;52.14560;5.52647;Maarssen;1
WS-HDSR2019;G1904;Stichtse Vecht;WK190401;Maarssen;BU19040107;Omgeving Goudestein;0333100000019517;Gemeentekantoor;Zeef, P.H.H.;ChristenUnie;0;130768;461900;52.14476;5.03320;132100;461987;52.14476;5.03320;130880;461879;52.14560;5.52647;Maarssen;1
WS-HDSR2019;G1904;Stichtse Vecht;WK190401;Maarssen;BU19040107;Omgeving Goudestein;0333100000019517;Gemeentekantoor;Voortman, D.G.J.;ChristenUnie;0;130768;461900;52.14476;5.03320;132100;461987;52.14476;5.03320;130880;461879;52.14560;5.52647;Maarssen;1
WS-HDSR2019;G1904;Stichtse Vecht;WK190401;Maarssen;BU19040107;Omgeving Goudestein;0333100000019517;Gemeentekantoor;Snoek, H.C.;ChristenUnie;0;130768;461900;52.14476;5.03320;132100;461987;52.14476;5.03320;130880;461879;52.14560;5.52647;Maarssen;1
WS-HDSR2019;G1904;Stichtse Vecht;WK190401;Maarssen;BU19040107;Omgeving Goudestein;0333100000019517;Gemeentekantoor;van der Grift, C.M.;ChristenUnie;0;130768;461900;52.14476;5.03320;132100;461987;52.14476;5.03320;130880;461879;52.14560;5.52647;Maarssen;1
WS-HDSR2019;G1904;Stichtse Vecht;WK190401;Maarssen;BU19040107;Omgeving Goudestein;0333100000019517;Gemeentekantoor;Reinders, M.J.;ChristenUnie;0;130768;461900;52.14476;5.03320;132100;461987;52.14476;5.03320;130880;461879;52.14560;5.52647;Maarssen;1
WS-HDSR2019;G1904;Stichtse Vecht;WK190401;Maarssen;BU19040107;Omgeving Goudestein;0333100000019517;Gemeentekantoor;Benders-Molenaar, M.;ChristenUnie;0;130768;461900;52.14476;5.03320;132100;461987;52.14476;5.03320;130880;461879;52.14560;5.52647;Maarssen;1
WS-HDSR2019;G1904;Stichtse Vecht;WK190401;Maarssen;BU19040107;Omgeving Goudestein;0333100000019517;Gemeentekantoor;van Wijnen, D.A.;ChristenUnie;0;130768;461900;52.14476;5.03320;132100;461987;52.14476;5.03320;130880;461879;52.14560;5.52647;Maarssen;1
WS-HDSR2019;G1904;Stichtse Vecht;WK190401;Maarssen;BU19040107;Omgeving Goudestein;0333100000019517;Gemeentekantoor;Voorberg, C.Z.;ChristenUnie;0;130768;461900;52.14476;5.03320;132100;461987;52.14476;5.03320;130880;461879;52.14560;5.52647;Maarssen;1
WS-HDSR2019;G1904;Stichtse Vecht;WK190401;Maarssen;BU19040107;Omgeving Goudestein;0333100000019517;Gemeentekantoor;Roetman, I.C.;ChristenUnie;0;130768;461900;52.14476;5.03320;132100;461987;52.14476;5.03320;130880;461879;52.14560;5.52647;Maarssen;1
WS-HDSR2019;G1904;Stichtse Vecht;WK190401;Maarssen;BU19040107;Omgeving Goudestein;0333100000019517;Gemeentekantoor;Wentink, A.G.;ChristenUnie;0;130768;461900;52.14476;5.03320;132100;461987;52.14476;5.03320;130880;461879;52.14560;5.52647;Maarssen;1
WS-HDSR2019;G1904;Stichtse Vecht;WK190401;Maarssen;BU19040107;Omgeving Goudestein;0333100000019517;Gemeentekantoor;Pape-van Genderen, C.A.;ChristenUnie;0;130768;461900;52.14476;5.03320;132100;461987;52.14476;5.03320;130880;461879;52.14560;5.52647;Maarssen;1
WS-HDSR2019;G1904;Stichtse Vecht;WK190401;Maarssen;BU19040107;Omgeving Goudestein;0333100000019517;Gemeentekantoor;Taute, G.;ChristenUnie;0;130768;461900;52.14476;5.03320;132100;461987;52.14476;5.03320;130880;461879;52.14560;5.52647;Maarssen;1
WS-HDSR2019;G1904;Stichtse Vecht;WK190401;Maarssen;BU19040107;Omgeving Goudestein;0333100000019517;Gemeentekantoor;Meijer, J.H.;ChristenUnie;0;130768;461900;52.14476;5.03320;132100;461987;52.14476;5.03320;130880;461879;52.14560;5.52647;Maarssen;1
WS-HDSR2019;G1904;Stichtse Vecht;WK190401;Maarssen;BU19040107;Omgeving Goudestein;0333100000019517;Gemeentekantoor;van Dalen-van Hierden, B.;ChristenUnie;0;130768;461900;52.14476;5.03320;132100;461987;52.14476;5.03320;130880;461879;52.14560;5.52647;Maarssen;1
WS-HDSR2019;G1904;Stichtse Vecht;WK190401;Maarssen;BU19040107;Omgeving Goudestein;0333100000019517;Gemeentekantoor;van der Ven, A.;ChristenUnie;0;130768;461900;52.14476;5.03320;132100;461987;52.14476;5.03320;130880;461879;52.14560;5.52647;Maarssen;1
WS-HDSR2019;G1904;Stichtse Vecht;WK190401;Maarssen;BU19040107;Omgeving Goudestein;0333100000019517;Gemeentekantoor;van Utrecht, D.;ChristenUnie;0;130768;461900;52.14476;5.03320;132100;461987;52.14476;5.03320;130880;461879;52.14560;5.52647;Maarssen;1
WS-HDSR2019;G1904;Stichtse Vecht;WK190401;Maarssen;BU19040107;Omgeving Goudestein;0333100000019517;Gemeentekantoor;Lont, B.C.;ChristenUnie;0;130768;461900;52.14476;5.03320;132100;461987;52.14476;5.03320;130880;461879;52.14560;5.52647;Maarssen;1
WS-HDSR2019;G1904;Stichtse Vecht;WK190401;Maarssen;BU19040107;Omgeving Goudestein;0333100000019517;Gemeentekantoor;Bos, P.W.;ChristenUnie;0;130768;461900;52.14476;5.03320;132100;461987;52.14476;5.03320;130880;461879;52.14560;5.52647;Maarssen;1
WS-HDSR2019;G1904;Stichtse Vecht;WK190401;Maarssen;BU19040107;Omgeving Goudestein;0333100000019517;Gemeentekantoor;Kool, A.;ChristenUnie;0;130768;461900;52.14476;5.03320;132100;461987;52.14476;5.03320;130880;461879;52.14560;5.52647;Maarssen;1
WS-HDSR2019;G1904;Stichtse Vecht;WK190401;Maarssen;BU19040107;Omgeving Goudestein;0333100000019517;Gemeentekantoor;Schaddelee, A.J.;ChristenUnie;0;130768;461900;52.14476;5.03320;132100;461987;52.14476;5.03320;130880;461879;52.14560;5.52647;Maarssen;1
WS-HDSR2019;G1904;Stichtse Vecht;WK190401;Maarssen;BU19040107;Omgeving Goudestein;0333100000019517;Gemeentekantoor;Dieperink, C.;AWP niet politiek, wel deskundig;2;130768;461900;52.14476;5.03320;132100;461987;52.14476;5.03320;130880;461879;52.14560;5.52647;Maarssen;1
WS-HDSR2019;G1904;Stichtse Vecht;WK190401;Maarssen;BU19040107;Omgeving Goudestein;0333100000019517;Gemeentekantoor;Verweij, J.P.;AWP niet politiek, wel deskundig;0;130768;461900;52.14476;5.03320;132100;461987;52.14476;5.03320;130880;461879;52.14560;5.52647;Maarssen;1
WS-HDSR2019;G1904;Stichtse Vecht;WK190401;Maarssen;BU19040107;Omgeving Goudestein;0333100000019517;Gemeentekantoor;Moinier, S.;AWP niet politiek, wel deskundig;1;130768;461900;52.14476;5.03320;132100;461987;52.14476;5.03320;130880;461879;52.14560;5.52647;Maarssen;1
WS-HDSR2019;G1904;Stichtse Vecht;WK190401;Maarssen;BU19040107;Omgeving Goudestein;0333100000019517;Gemeentekantoor;Heidema, A.;AWP niet politiek, wel deskundig;0;130768;461900;52.14476;5.03320;132100;461987;52.14476;5.03320;130880;461879;52.14560;5.52647;Maarssen;1
WS-HDSR2019;G1904;Stichtse Vecht;WK190401;Maarssen;BU19040107;Omgeving Goudestein;0333100000019517;Gemeentekantoor;Keessen, A.M.;AWP niet politiek, wel deskundig;0;130768;461900;52.14476;5.03320;132100;461987;52.14476;5.03320;130880;461879;52.14560;5.52647;Maarssen;1
WS-HDSR2019;G1904;Stichtse Vecht;WK190401;Maarssen;BU19040107;Omgeving Goudestein;0333100000019517;Gemeentekantoor;Moor, J.A.P.M.;AWP niet politiek, wel deskundig;0;130768;461900;52.14476;5.03320;132100;461987;52.14476;5.03320;130880;461879;52.14560;5.52647;Maarssen;1
WS-HDSR2019;G1904;Stichtse Vecht;WK190401;Maarssen;BU19040107;Omgeving Goudestein;0333100000019517;Gemeentekantoor;de Leeuw-Bosch, E.;AWP niet politiek, wel deskundig;0;130768;461900;52.14476;5.03320;132100;461987;52.14476;5.03320;130880;461879;52.14560;5.52647;Maarssen;1
WS-HDSR2019;G1904;Stichtse Vecht;WK190401;Maarssen;BU19040107;Omgeving Goudestein;0333100000019517;Gemeentekantoor;Koop, S.H.A.;AWP niet politiek, wel deskundig;0;130768;461900;52.14476;5.03320;132100;461987;52.14476;5.03320;130880;461879;52.14560;5.52647;Maarssen;1
WS-HDSR2019;G1904;Stichtse Vecht;WK190401;Maarssen;BU19040107;Omgeving Goudestein;0333100000019517;Gemeentekantoor;Hiemstra, A.;AWP niet politiek, wel deskundig;1;130768;461900;52.14476;5.03320;132100;461987;52.14476;5.03320;130880;461879;52.14560;5.52647;Maarssen;1
WS-HDSR2019;G1904;Stichtse Vecht;WK190401;Maarssen;BU19040107;Omgeving Goudestein;0333100000019517;Gemeentekantoor;van der Veen, B.J.;AWP niet politiek, wel deskundig;0;130768;461900;52.14476;5.03320;132100;461987;52.14476;5.03320;130880;461879;52.14560;5.52647;Maarssen;1
WS-HDSR2019;G1904;Stichtse Vecht;WK190401;Maarssen;BU19040107;Omgeving Goudestein;0333100000019517;Gemeentekantoor;Gilissen, H.K.;AWP niet politiek, wel deskundig;0;130768;461900;52.14476;5.03320;132100;461987;52.14476;5.03320;130880;461879;52.14560;5.52647;Maarssen;1
WS-HDSR2019;G1904;Stichtse Vecht;WK190401;Maarssen;BU19040107;Omgeving Goudestein;0333100000019517;Gemeentekantoor;van Leeuwen, C.J.;AWP niet politiek, wel deskundig;0;130768;461900;52.14476;5.03320;132100;461987;52.14476;5.03320;130880;461879;52.14560;5.52647;Maarssen;1
WS-HDSR2019;G1904;Stichtse Vecht;WK190401;Maarssen;BU19040107;Omgeving Goudestein;0333100000019517;Gemeentekantoor;Jansen, A. E.;AWP niet politiek, wel deskundig;0;130768;461900;52.14476;5.03320;132100;461987;52.14476;5.03320;130880;461879;52.14560;5.52647;Maarssen;1
WS-HDSR2019;G1904;Stichtse Vecht;WK190401;Maarssen;BU19040107;Omgeving Goudestein;0333100000019517;Gemeentekantoor;van Os, F.;Staatkundig Gereformeerde Partij (SGP);0;130768;461900;52.14476;5.03320;132100;461987;52.14476;5.03320;130880;461879;52.14560;5.52647;Maarssen;1
WS-HDSR2019;G1904;Stichtse Vecht;WK190401;Maarssen;BU19040107;Omgeving Goudestein;0333100000019517;Gemeentekantoor;van Zetten, J.N.;Staatkundig Gereformeerde Partij (SGP);0;130768;461900;52.14476;5.03320;132100;461987;52.14476;5.03320;130880;461879;52.14560;5.52647;Maarssen;1
WS-HDSR2019;G1904;Stichtse Vecht;WK190401;Maarssen;BU19040107;Omgeving Goudestein;0333100000019517;Gemeentekantoor;van der Wind, J.J.;Staatkundig Gereformeerde Partij (SGP);0;130768;461900;52.14476;5.03320;132100;461987;52.14476;5.03320;130880;461879;52.14560;5.52647;Maarssen;1
WS-HDSR2019;G1904;Stichtse Vecht;WK190401;Maarssen;BU19040107;Omgeving Goudestein;0333100000019517;Gemeentekantoor;Verweij, K.C.;Staatkundig Gereformeerde Partij (SGP);0;130768;461900;52.14476;5.03320;132100;461987;52.14476;5.03320;130880;461879;52.14560;5.52647;Maarssen;1
WS-HDSR2019;G1904;Stichtse Vecht;WK190401;Maarssen;BU19040107;Omgeving Goudestein;0333100000019517;Gemeentekantoor;van Leeuwen, G.;Staatkundig Gereformeerde Partij (SGP);0;130768;461900;52.14476;5.03320;132100;461987;52.14476;5.03320;130880;461879;52.14560;5.52647;Maarssen;1
WS-HDSR2019;G1904;Stichtse Vecht;WK190401;Maarssen;BU19040107;Omgeving Goudestein;0333100000019517;Gemeentekantoor;de Groot, L.;Staatkundig Gereformeerde Partij (SGP);0;130768;461900;52.14476;5.03320;132100;461987;52.14476;5.03320;130880;461879;52.14560;5.52647;Maarssen;1
WS-HDSR2019;G1904;Stichtse Vecht;WK190401;Maarssen;BU19040107;Omgeving Goudestein;0333100000019517;Gemeentekantoor;Boonzaaijer, G.;Staatkundig Gereformeerde Partij (SGP);0;130768;461900;52.14476;5.03320;132100;461987;52.14476;5.03320;130880;461879;52.14560;5.52647;Maarssen;1
WS-HDSR2019;G1904;Stichtse Vecht;WK190401;Maarssen;BU19040107;Omgeving Goudestein;0333100000019517;Gemeentekantoor;Broere, J.;Staatkundig Gereformeerde Partij (SGP);0;130768;461900;52.14476;5.03320;132100;461987;52.14476;5.03320;130880;461879;52.14560;5.52647;Maarssen;1
WS-HDSR2019;G1904;Stichtse Vecht;WK190401;Maarssen;BU19040107;Omgeving Goudestein;0333100000019517;Gemeentekantoor;Marchal, J.;Staatkundig Gereformeerde Partij (SGP);0;130768;461900;52.14476;5.03320;132100;461987;52.14476;5.03320;130880;461879;52.14560;5.52647;Maarssen;1
WS-HDSR2019;G1904;Stichtse Vecht;WK190401;Maarssen;BU19040107;Omgeving Goudestein;0333100000019517;Gemeentekantoor;van Woudenberg, J.;Staatkundig Gereformeerde Partij (SGP);0;130768;461900;52.14476;5.03320;132100;461987;52.14476;5.03320;130880;461879;52.14560;5.52647;Maarssen;1
WS-HDSR2019;G1904;Stichtse Vecht;WK190401;Maarssen;BU19040107;Omgeving Goudestein;0333100000019517;Gemeentekantoor;Verduijn, A.;Staatkundig Gereformeerde Partij (SGP);0;130768;461900;52.14476;5.03320;132100;461987;52.14476;5.03320;130880;461879;52.14560;5.52647;Maarssen;1
WS-HDSR2019;G1904;Stichtse Vecht;WK190401;Maarssen;BU19040107;Omgeving Goudestein;0333100000019517;Gemeentekantoor;Rijneveld, C.;Staatkundig Gereformeerde Partij (SGP);0;130768;461900;52.14476;5.03320;132100;461987;52.14476;5.03320;130880;461879;52.14560;5.52647;Maarssen;1
WS-HDSR2019;G1904;Stichtse Vecht;WK190401;Maarssen;BU19040107;Omgeving Goudestein;0333100000019517;Gemeentekantoor;Doornenbal, G.;Staatkundig Gereformeerde Partij (SGP);0;130768;461900;52.14476;5.03320;132100;461987;52.14476;5.03320;130880;461879;52.14560;5.52647;Maarssen;1
WS-HDSR2019;G1904;Stichtse Vecht;WK190401;Maarssen;BU19040107;Omgeving Goudestein;0333100000019517;Gemeentekantoor;van Vulpen, C.;Staatkundig Gereformeerde Partij (SGP);0;130768;461900;52.14476;5.03320;132100;461987;52.14476;5.03320;130880;461879;52.14560;5.52647;Maarssen;1
WS-HDSR2019;G1904;Stichtse Vecht;WK190401;Maarssen;BU19040107;Omgeving Goudestein;0333100000019517;Gemeentekantoor;Benschop, J.W.;Staatkundig Gereformeerde Partij (SGP);1;130768;461900;52.14476;5.03320;132100;461987;52.14476;5.03320;130880;461879;52.14560;5.52647;Maarssen;1
WS-HDSR2019;G1904;Stichtse Vecht;WK190401;Maarssen;BU19040107;Omgeving Goudestein;0333100000019517;Gemeentekantoor;van den Hoek, R.P.J.J.;50PLUS;1;130768;461900;52.14476;5.03320;132100;461987;52.14476;5.03320;130880;461879;52.14560;5.52647;Maarssen;1
WS-HDSR2019;G1904;Stichtse Vecht;WK190401;Maarssen;BU19040107;Omgeving Goudestein;0333100000019517;Gemeentekantoor;Schalkwijk, G.M.;50PLUS;0;130768;461900;52.14476;5.03320;132100;461987;52.14476;5.03320;130880;461879;52.14560;5.52647;Maarssen;1
WS-HDSR2019;G1904;Stichtse Vecht;WK190401;Maarssen;BU19040107;Omgeving Goudestein;0333100000019517;Gemeentekantoor;de Mol, S.A.;50PLUS;0;130768;461900;52.14476;5.03320;132100;461987;52.14476;5.03320;130880;461879;52.14560;5.52647;Maarssen;1
WS-HDSR2019;G1904;Stichtse Vecht;WK190401;Maarssen;BU19040107;Omgeving Goudestein;0333100000019517;Gemeentekantoor;Schifferling, J.H.;50PLUS;0;130768;461900;52.14476;5.03320;132100;461987;52.14476;5.03320;130880;461879;52.14560;5.52647;Maarssen;1
WS-HDSR2019;G1904;Stichtse Vecht;WK190401;Maarssen;BU19040107;Omgeving Goudestein;0333100000019517;Gemeentekantoor;Cornelissen, M.P.J.;50PLUS;0;130768;461900;52.14476;5.03320;132100;461987;52.14476;5.03320;130880;461879;52.14560;5.52647;Maarssen;1
WS-HDSR2019;G1904;Stichtse Vecht;WK190401;Maarssen;BU19040107;Omgeving Goudestein;0333100000019517;Gemeentekantoor;Postma, R.;50PLUS;0;130768;461900;52.14476;5.03320;132100;461987;52.14476;5.03320;130880;461879;52.14560;5.52647;Maarssen;1
WS-HDSR2019;G1904;Stichtse Vecht;WK190401;Maarssen;BU19040109;Lanenkwartier;0333100000009480;Woonzorgcentrum Maria Dommer;Otterman, J.A.;Water Natuurlijk;0;131158;461849;52.14432;5.03890;132100;461987;52.14432;5.03890;131117;461984;52.14560;5.52647;Maarssen;2
WS-HDSR2019;G1904;Stichtse Vecht;WK190401;Maarssen;BU19040109;Lanenkwartier;0333100000009480;Woonzorgcentrum Maria Dommer;Jansen, M.L.E.;Water Natuurlijk;0;131158;461849;52.14432;5.03890;132100;461987;52.14432;5.03890;131117;461984;52.14560;5.52647;Maarssen;2
WS-HDSR2019;G1904;Stichtse Vecht;WK190401;Maarssen;BU19040109;Lanenkwartier;0333100000009480;Woonzorgcentrum Maria Dommer;van der Heijden, J.;Water Natuurlijk;0;131158;461849;52.14432;5.03890;132100;461987;52.14432;5.03890;131117;461984;52.14560;5.52647;Maarssen;2
WS-HDSR2019;G1904;Stichtse Vecht;WK190401;Maarssen;BU19040109;Lanenkwartier;0333100000009480;Woonzorgcentrum Maria Dommer;Oskam, G.A.;Water Natuurlijk;1;131158;461849;52.14432;5.03890;132100;461987;52.14432;5.03890;131117;461984;52.14560;5.52647;Maarssen;2
WS-HDSR2019;G1904;Stichtse Vecht;WK190401;Maarssen;BU19040109;Lanenkwartier;0333100000009480;Woonzorgcentrum Maria Dommer;van der Molen, D.T.;Water Natuurlijk;0;131158;461849;52.14432;5.03890;132100;461987;52.14432;5.03890;131117;461984;52.14560;5.52647;Maarssen;2
WS-HDSR2019;G1904;Stichtse Vecht;WK190401;Maarssen;BU19040109;Lanenkwartier;0333100000009480;Woonzorgcentrum Maria Dommer;Dekker-Groen, A.M.;Water Natuurlijk;0;131158;461849;52.14432;5.03890;132100;461987;52.14432;5.03890;131117;461984;52.14560;5.52647;Maarssen;2
WS-HDSR2019;G1904;Stichtse Vecht;WK190401;Maarssen;BU19040109;Lanenkwartier;0333100000009480;Woonzorgcentrum Maria Dommer;van Dam, H.A.;Water Natuurlijk;0;131158;461849;52.14432;5.03890;132100;461987;52.14432;5.03890;131117;461984;52.14560;5.52647;Maarssen;2
WS-HDSR2019;G1904;Stichtse Vecht;WK190401;Maarssen;BU19040109;Lanenkwartier;0333100000009480;Woonzorgcentrum Maria Dommer;de Boer, R.A.;Water Natuurlijk;0;131158;461849;52.14432;5.03890;132100;461987;52.14432;5.03890;131117;461984;52.14560;5.52647;Maarssen;2
WS-HDSR2019;G1904;Stichtse Vecht;WK190401;Maarssen;BU19040109;Lanenkwartier;0333100000009480;Woonzorgcentrum Maria Dommer;van Berckel, A.R.M.;Water Natuurlijk;0;131158;461849;52.14432;5.03890;132100;461987;52.14432;5.03890;131117;461984;52.14560;5.52647;Maarssen;2
WS-HDSR2019;G1904;Stichtse Vecht;WK190401;Maarssen;BU19040109;Lanenkwartier;0333100000009480;Woonzorgcentrum Maria Dommer;ten Heuw, E.W.;Water Natuurlijk;0;131158;461849;52.14432;5.03890;132100;461987;52.14432;5.03890;131117;461984;52.14560;5.52647;Maarssen;2
WS-HDSR2019;G1904;Stichtse Vecht;WK190401;Maarssen;BU19040109;Lanenkwartier;0333100000009480;Woonzorgcentrum Maria Dommer;van der Wal, R.L.;Water Natuurlijk;0;131158;461849;52.14432;5.03890;132100;461987;52.14432;5.03890;131117;461984;52.14560;5.52647;Maarssen;2
WS-HDSR2019;G1904;Stichtse Vecht;WK190401;Maarssen;BU19040109;Lanenkwartier;0333100000009480;Woonzorgcentrum Maria Dommer;Kortekaas, M.L.;Water Natuurlijk;0;131158;461849;52.14432;5.03890;132100;461987;52.14432;5.03890;131117;461984;52.14560;5.52647;Maarssen;2
WS-HDSR2019;G1904;Stichtse Vecht;WK190401;Maarssen;BU19040109;Lanenkwartier;0333100000009480;Woonzorgcentrum Maria Dommer;Boerkamp, J.G.;Water Natuurlijk;0;131158;461849;52.14432;5.03890;132100;461987;52.14432;5.03890;131117;461984;52.14560;5.52647;Maarssen;2
WS-HDSR2019;G1904;Stichtse Vecht;WK190401;Maarssen;BU19040109;Lanenkwartier;0333100000009480;Woonzorgcentrum Maria Dommer;Nobel, A.C.;Water Natuurlijk;0;131158;461849;52.14432;5.03890;132100;461987;52.14432;5.03890;131117;461984;52.14560;5.52647;Maarssen;2
WS-HDSR2019;G1904;Stichtse Vecht;WK190401;Maarssen;BU19040109;Lanenkwartier;0333100000009480;Woonzorgcentrum Maria Dommer;Kingma, J.H.;Water Natuurlijk;0;131158;461849;52.14432;5.03890;132100;461987;52.14432;5.03890;131117;461984;52.14560;5.52647;Maarssen;2
WS-HDSR2019;G1904;Stichtse Vecht;WK190401;Maarssen;BU19040109;Lanenkwartier;0333100000009480;Woonzorgcentrum Maria Dommer;Aulich, K.M.;Water Natuurlijk;0;131158;461849;52.14432;5.03890;132100;461987;52.14432;5.03890;131117;461984;52.14560;5.52647;Maarssen;2
WS-HDSR2019;G1904;Stichtse Vecht;WK190401;Maarssen;BU19040109;Lanenkwartier;0333100000009480;Woonzorgcentrum Maria Dommer;Veldboer, S.J.H.M.;Water Natuurlijk;0;131158;461849;52.14432;5.03890;132100;461987;52.14432;5.03890;131117;461984;52.14560;5.52647;Maarssen;2
WS-HDSR2019;G1904;Stichtse Vecht;WK190401;Maarssen;BU19040109;Lanenkwartier;0333100000009480;Woonzorgcentrum Maria Dommer;Bijker, W.H.;Water Natuurlijk;0;131158;461849;52.14432;5.03890;132100;461987;52.14432;5.03890;131117;461984;52.14560;5.52647;Maarssen;2
WS-HDSR2019;G1904;Stichtse Vecht;WK190401;Maarssen;BU19040109;Lanenkwartier;0333100000009480;Woonzorgcentrum Maria Dommer;Tigchelhoff, A.;Water Natuurlijk;0;131158;461849;52.14432;5.03890;132100;461987;52.14432;5.03890;131117;461984;52.14560;5.52647;Maarssen;2
WS-HDSR2019;G1904;Stichtse Vecht;WK190401;Maarssen;BU19040109;Lanenkwartier;0333100000009480;Woonzorgcentrum Maria Dommer;Kloppenborg, J.F.M.;Water Natuurlijk;0;131158;461849;52.14432;5.03890;132100;461987;52.14432;5.03890;131117;461984;52.14560;5.52647;Maarssen;2
WS-HDSR2019;G1904;Stichtse Vecht;WK190401;Maarssen;BU19040109;Lanenkwartier;0333100000009480;Woonzorgcentrum Maria Dommer;Goedvolk, P.A.M.;Water Natuurlijk;0;131158;461849;52.14432;5.03890;132100;461987;52.14432;5.03890;131117;461984;52.14560;5.52647;Maarssen;2
WS-HDSR2019;G1904;Stichtse Vecht;WK190401;Maarssen;BU19040109;Lanenkwartier;0333100000009480;Woonzorgcentrum Maria Dommer;Ket, P.C.;Water Natuurlijk;0;131158;461849;52.14432;5.03890;132100;461987;52.14432;5.03890;131117;461984;52.14560;5.52647;Maarssen;2
WS-HDSR2019;G1904;Stichtse Vecht;WK190401;Maarssen;BU19040109;Lanenkwartier;0333100000009480;Woonzorgcentrum Maria Dommer;Gnodde, M.W.J.;Water Natuurlijk;0;131158;461849;52.14432;5.03890;132100;461987;52.14432;5.03890;131117;461984;52.14560;5.52647;Maarssen;2
WS-HDSR2019;G1904;Stichtse Vecht;WK190401;Maarssen;BU19040109;Lanenkwartier;0333100000009480;Woonzorgcentrum Maria Dommer;Zandvliet, H.C.A.;Water Natuurlijk;0;131158;461849;52.14432;5.03890;132100;461987;52.14432;5.03890;131117;461984;52.14560;5.52647;Maarssen;2
WS-HDSR2019;G1904;Stichtse Vecht;WK190401;Maarssen;BU19040109;Lanenkwartier;0333100000009480;Woonzorgcentrum Maria Dommer;Karelse, J.J.H.G.D.;Water Natuurlijk;0;131158;461849;52.14432;5.03890;132100;461987;52.14432;5.03890;131117;461984;52.14560;5.52647;Maarssen;2
WS-HDSR2019;G1904;Stichtse Vecht;WK190401;Maarssen;BU19040109;Lanenkwartier;0333100000009480;Woonzorgcentrum Maria Dommer;Schuhmacher, T.;Water Natuurlijk;0;131158;461849;52.14432;5.03890;132100;461987;52.14432;5.03890;131117;461984;52.14560;5.52647;Maarssen;2
WS-HDSR2019;G1904;Stichtse Vecht;WK190401;Maarssen;BU19040109;Lanenkwartier;0333100000009480;Woonzorgcentrum Maria Dommer;Dirkse, F.R.;Water Natuurlijk;0;131158;461849;52.14432;5.03890;132100;461987;52.14432;5.03890;131117;461984;52.14560;5.52647;Maarssen;2
WS-HDSR2019;G1904;Stichtse Vecht;WK190401;Maarssen;BU19040109;Lanenkwartier;0333100000009480;Woonzorgcentrum Maria Dommer;Hoogeveen, H.J.;Water Natuurlijk;0;131158;461849;52.14432;5.03890;132100;461987;52.14432;5.03890;131117;461984;52.14560;5.52647;Maarssen;2
WS-HDSR2019;G1904;Stichtse Vecht;WK190401;Maarssen;BU19040109;Lanenkwartier;0333100000009480;Woonzorgcentrum Maria Dommer;Langenbach, J.W.H.;Water Natuurlijk;0;131158;461849;52.14432;5.03890;132100;461987;52.14432;5.03890;131117;461984;52.14560;5.52647;Maarssen;2
WS-HDSR2019;G1904;Stichtse Vecht;WK190401;Maarssen;BU19040109;Lanenkwartier;0333100000009480;Woonzorgcentrum Maria Dommer;Boot, J.L.J.;Water Natuurlijk;0;131158;461849;52.14432;5.03890;132100;461987;52.14432;5.03890;131117;461984;52.14560;5.52647;Maarssen;2
WS-HDSR2019;G1904;Stichtse Vecht;WK190401;Maarssen;BU19040109;Lanenkwartier;0333100000009480;Woonzorgcentrum Maria Dommer;van der Vorm-Gouman, E.;Water Natuurlijk;0;131158;461849;52.14432;5.03890;132100;461987;52.14432;5.03890;131117;461984;52.14560;5.52647;Maarssen;2
WS-HDSR2019;G1904;Stichtse Vecht;WK190401;Maarssen;BU19040109;Lanenkwartier;0333100000009480;Woonzorgcentrum Maria Dommer;Jansen, G.J.P.;Water Natuurlijk;0;131158;461849;52.14432;5.03890;132100;461987;52.14432;5.03890;131117;461984;52.14560;5.52647;Maarssen;2
WS-HDSR2019;G1904;Stichtse Vecht;WK190401;Maarssen;BU19040109;Lanenkwartier;0333100000009480;Woonzorgcentrum Maria Dommer;Becht, G.F.;Water Natuurlijk;0;131158;461849;52.14432;5.03890;132100;461987;52.14432;5.03890;131117;461984;52.14560;5.52647;Maarssen;2
WS-HDSR2019;G1904;Stichtse Vecht;WK190401;Maarssen;BU19040109;Lanenkwartier;0333100000009480;Woonzorgcentrum Maria Dommer;van Oostenbrugge, R.;Water Natuurlijk;0;131158;461849;52.14432;5.03890;132100;461987;52.14432;5.03890;131117;461984;52.14560;5.52647;Maarssen;2
WS-HDSR2019;G1904;Stichtse Vecht;WK190401;Maarssen;BU19040109;Lanenkwartier;0333100000009480;Woonzorgcentrum Maria Dommer;de Jonge, P.C.;Water Natuurlijk;0;131158;461849;52.14432;5.03890;132100;461987;52.14432;5.03890;131117;461984;52.14560;5.52647;Maarssen;2
WS-HDSR2019;G1904;Stichtse Vecht;WK190401;Maarssen;BU19040109;Lanenkwartier;0333100000009480;Woonzorgcentrum Maria Dommer;Naber, J.M.L.;Water Natuurlijk;0;131158;461849;52.14432;5.03890;132100;461987;52.14432;5.03890;131117;461984;52.14560;5.52647;Maarssen;2
WS-HDSR2019;G1904;Stichtse Vecht;WK190401;Maarssen;BU19040109;Lanenkwartier;0333100000009480;Woonzorgcentrum Maria Dommer;Duindam, J.I.M.;Water Natuurlijk;0;131158;461849;52.14432;5.03890;132100;461987;52.14432;5.03890;131117;461984;52.14560;5.52647;Maarssen;2
WS-HDSR2019;G1904;Stichtse Vecht;WK190401;Maarssen;BU19040109;Lanenkwartier;0333100000009480;Woonzorgcentrum Maria Dommer;Lintmeijer, F.C.W.C.;Water Natuurlijk;0;131158;461849;52.14432;5.03890;132100;461987;52.14432;5.03890;131117;461984;52.14560;5.52647;Maarssen;2
WS-HDSR2019;G1904;Stichtse Vecht;WK190401;Maarssen;BU19040109;Lanenkwartier;0333100000009480;Woonzorgcentrum Maria Dommer;Koster-Dreese, Y.;Water Natuurlijk;0;131158;461849;52.14432;5.03890;132100;461987;52.14432;5.03890;131117;461984;52.14560;5.52647;Maarssen;2
WS-HDSR2019;G1904;Stichtse Vecht;WK190401;Maarssen;BU19040109;Lanenkwartier;0333100000009480;Woonzorgcentrum Maria Dommer;Beugelink, G.P.;Water Natuurlijk;0;131158;461849;52.14432;5.03890;132100;461987;52.14432;5.03890;131117;461984;52.14560;5.52647;Maarssen;2
WS-HDSR2019;G1904;Stichtse Vecht;WK190401;Maarssen;BU19040109;Lanenkwartier;0333100000009480;Woonzorgcentrum Maria Dommer;van Essen, H.P.;Water Natuurlijk;0;131158;461849;52.14432;5.03890;132100;461987;52.14432;5.03890;131117;461984;52.14560;5.52647;Maarssen;2
WS-HDSR2019;G1904;Stichtse Vecht;WK190401;Maarssen;BU19040109;Lanenkwartier;0333100000009480;Woonzorgcentrum Maria Dommer;Snoeren, P.W.M.;Water Natuurlijk;0;131158;461849;52.14432;5.03890;132100;461987;52.14432;5.03890;131117;461984;52.14560;5.52647;Maarssen;2
WS-HDSR2019;G1904;Stichtse Vecht;WK190401;Maarssen;BU19040109;Lanenkwartier;0333100000009480;Woonzorgcentrum Maria Dommer;Groenendijk, S.;VVD;1;131158;461849;52.14432;5.03890;132100;461987;52.14432;5.03890;131117;461984;52.14560;5.52647;Maarssen;2
WS-HDSR2019;G1904;Stichtse Vecht;WK190401;Maarssen;BU19040109;Lanenkwartier;0333100000009480;Woonzorgcentrum Maria Dommer;van der Sterre, P.J.;VVD;0;131158;461849;52.14432;5.03890;132100;461987;52.14432;5.03890;131117;461984;52.14560;5.52647;Maarssen;2
WS-HDSR2019;G1904;Stichtse Vecht;WK190401;Maarssen;BU19040109;Lanenkwartier;0333100000009480;Woonzorgcentrum Maria Dommer;Eijsbroek, N.;VVD;0;131158;461849;52.14432;5.03890;132100;461987;52.14432;5.03890;131117;461984;52.14560;5.52647;Maarssen;2
WS-HDSR2019;G1904;Stichtse Vecht;WK190401;Maarssen;BU19040109;Lanenkwartier;0333100000009480;Woonzorgcentrum Maria Dommer;van Winden, A.J.;VVD;0;131158;461849;52.14432;5.03890;132100;461987;52.14432;5.03890;131117;461984;52.14560;5.52647;Maarssen;2
WS-HDSR2019;G1904;Stichtse Vecht;WK190401;Maarssen;BU19040109;Lanenkwartier;0333100000009480;Woonzorgcentrum Maria Dommer;van Baaren, J.;VVD;0;131158;461849;52.14432;5.03890;132100;461987;52.14432;5.03890;131117;461984;52.14560;5.52647;Maarssen;2
WS-HDSR2019;G1904;Stichtse Vecht;WK190401;Maarssen;BU19040109;Lanenkwartier;0333100000009480;Woonzorgcentrum Maria Dommer;Kapper, S.R.;VVD;0;131158;461849;52.14432;5.03890;132100;461987;52.14432;5.03890;131117;461984;52.14560;5.52647;Maarssen;2
WS-HDSR2019;G1904;Stichtse Vecht;WK190401;Maarssen;BU19040109;Lanenkwartier;0333100000009480;Woonzorgcentrum Maria Dommer;Michielsen, P.F.M.;VVD;0;131158;461849;52.14432;5.03890;132100;461987;52.14432;5.03890;131117;461984;52.14560;5.52647;Maarssen;2
WS-HDSR2019;G1904;Stichtse Vecht;WK190401;Maarssen;BU19040109;Lanenkwartier;0333100000009480;Woonzorgcentrum Maria Dommer;Trapman, E.G.J.H.;VVD;0;131158;461849;52.14432;5.03890;132100;461987;52.14432;5.03890;131117;461984;52.14560;5.52647;Maarssen;2
WS-HDSR2019;G1904;Stichtse Vecht;WK190401;Maarssen;BU19040109;Lanenkwartier;0333100000009480;Woonzorgcentrum Maria Dommer;de Jong, B.;CDA;2;131158;461849;52.14432;5.03890;132100;461987;52.14432;5.03890;131117;461984;52.14560;5.52647;Maarssen;2
WS-HDSR2019;G1904;Stichtse Vecht;WK190401;Maarssen;BU19040109;Lanenkwartier;0333100000009480;Woonzorgcentrum Maria Dommer;Sommer-de Vries, K.H.;CDA;0;131158;461849;52.14432;5.03890;132100;461987;52.14432;5.03890;131117;461984;52.14560;5.52647;Maarssen;2
WS-HDSR2019;G1904;Stichtse Vecht;WK190401;Maarssen;BU19040109;Lanenkwartier;0333100000009480;Woonzorgcentrum Maria Dommer;Droogers, J.A.G.W.;CDA;0;131158;461849;52.14432;5.03890;132100;461987;52.14432;5.03890;131117;461984;52.14560;5.52647;Maarssen;2
WS-HDSR2019;G1904;Stichtse Vecht;WK190401;Maarssen;BU19040109;Lanenkwartier;0333100000009480;Woonzorgcentrum Maria Dommer;Bakker, P.J.I.;CDA;1;131158;461849;52.14432;5.03890;132100;461987;52.14432;5.03890;131117;461984;52.14560;5.52647;Maarssen;2
WS-HDSR2019;G1904;Stichtse Vecht;WK190401;Maarssen;BU19040109;Lanenkwartier;0333100000009480;Woonzorgcentrum Maria Dommer;de Roos, T.L.;CDA;0;131158;461849;52.14432;5.03890;132100;461987;52.14432;5.03890;131117;461984;52.14560;5.52647;Maarssen;2
WS-HDSR2019;G1904;Stichtse Vecht;WK190401;Maarssen;BU19040109;Lanenkwartier;0333100000009480;Woonzorgcentrum Maria Dommer;Roorda, F.A.;CDA;0;131158;461849;52.14432;5.03890;132100;461987;52.14432;5.03890;131117;461984;52.14560;5.52647;Maarssen;2
WS-HDSR2019;G1904;Stichtse Vecht;WK190401;Maarssen;BU19040109;Lanenkwartier;0333100000009480;Woonzorgcentrum Maria Dommer;Adriani-Wempe, H.J.;CDA;0;131158;461849;52.14432;5.03890;132100;461987;52.14432;5.03890;131117;461984;52.14560;5.52647;Maarssen;2
WS-HDSR2019;G1904;Stichtse Vecht;WK190401;Maarssen;BU19040109;Lanenkwartier;0333100000009480;Woonzorgcentrum Maria Dommer;Verbij, A.L.G.;CDA;0;131158;461849;52.14432;5.03890;132100;461987;52.14432;5.03890;131117;461984;52.14560;5.52647;Maarssen;2
WS-HDSR2019;G1904;Stichtse Vecht;WK190401;Maarssen;BU19040109;Lanenkwartier;0333100000009480;Woonzorgcentrum Maria Dommer;van Arendonk, L.A.A.M.;CDA;0;131158;461849;52.14432;5.03890;132100;461987;52.14432;5.03890;131117;461984;52.14560;5.52647;Maarssen;2
WS-HDSR2019;G1904;Stichtse Vecht;WK190401;Maarssen;BU19040109;Lanenkwartier;0333100000009480;Woonzorgcentrum Maria Dommer;van Petersen, H.G.J.;CDA;0;131158;461849;52.14432;5.03890;132100;461987;52.14432;5.03890;131117;461984;52.14560;5.52647;Maarssen;2
WS-HDSR2019;G1904;Stichtse Vecht;WK190401;Maarssen;BU19040109;Lanenkwartier;0333100000009480;Woonzorgcentrum Maria Dommer;Vinkenburg, J.H.W.M.;CDA;0;131158;461849;52.14432;5.03890;132100;461987;52.14432;5.03890;131117;461984;52.14560;5.52647;Maarssen;2
WS-HDSR2019;G1904;Stichtse Vecht;WK190401;Maarssen;BU19040109;Lanenkwartier;0333100000009480;Woonzorgcentrum Maria Dommer;van der Spek, W.J.;CDA;0;131158;461849;52.14432;5.03890;132100;461987;52.14432;5.03890;131117;461984;52.14560;5.52647;Maarssen;2
WS-HDSR2019;G1904;Stichtse Vecht;WK190401;Maarssen;BU19040109;Lanenkwartier;0333100000009480;Woonzorgcentrum Maria Dommer;de Regt, A.M.;CDA;0;131158;461849;52.14432;5.03890;132100;461987;52.14432;5.03890;131117;461984;52.14560;5.52647;Maarssen;2
WS-HDSR2019;G1904;Stichtse Vecht;WK190401;Maarssen;BU19040109;Lanenkwartier;0333100000009480;Woonzorgcentrum Maria Dommer;Overbeek, K.B.J.;CDA;0;131158;461849;52.14432;5.03890;132100;461987;52.14432;5.03890;131117;461984;52.14560;5.52647;Maarssen;2
WS-HDSR2019;G1904;Stichtse Vecht;WK190401;Maarssen;BU19040109;Lanenkwartier;0333100000009480;Woonzorgcentrum Maria Dommer;Jonkers, C.A.;CDA;0;131158;461849;52.14432;5.03890;132100;461987;52.14432;5.03890;131117;461984;52.14560;5.52647;Maarssen;2
WS-HDSR2019;G1904;Stichtse Vecht;WK190401;Maarssen;BU19040109;Lanenkwartier;0333100000009480;Woonzorgcentrum Maria Dommer;Bunnik, R.P.;CDA;0;131158;461849;52.14432;5.03890;132100;461987;52.14432;5.03890;131117;461984;52.14560;5.52647;Maarssen;2
WS-HDSR2019;G1904;Stichtse Vecht;WK190401;Maarssen;BU19040109;Lanenkwartier;0333100000009480;Woonzorgcentrum Maria Dommer;van der Honing, H.;CDA;0;131158;461849;52.14432;5.03890;132100;461987;52.14432;5.03890;131117;461984;52.14560;5.52647;Maarssen;2
WS-HDSR2019;G1904;Stichtse Vecht;WK190401;Maarssen;BU19040109;Lanenkwartier;0333100000009480;Woonzorgcentrum Maria Dommer;Keestra, J.M.;CDA;0;131158;461849;52.14432;5.03890;132100;461987;52.14432;5.03890;131117;461984;52.14560;5.52647;Maarssen;2
WS-HDSR2019;G1904;Stichtse Vecht;WK190401;Maarssen;BU19040109;Lanenkwartier;0333100000009480;Woonzorgcentrum Maria Dommer;van Wijk, W.A.M.;CDA;0;131158;461849;52.14432;5.03890;132100;461987;52.14432;5.03890;131117;461984;52.14560;5.52647;Maarssen;2
WS-HDSR2019;G1904;Stichtse Vecht;WK190401;Maarssen;BU19040109;Lanenkwartier;0333100000009480;Woonzorgcentrum Maria Dommer;Vernie, L.N.;CDA;0;131158;461849;52.14432;5.03890;132100;461987;52.14432;5.03890;131117;461984;52.14560;5.52647;Maarssen;2
WS-HDSR2019;G1904;Stichtse Vecht;WK190401;Maarssen;BU19040109;Lanenkwartier;0333100000009480;Woonzorgcentrum Maria Dommer;Tiggeloven, A.B.M.;CDA;0;131158;461849;52.14432;5.03890;132100;461987;52.14432;5.03890;131117;461984;52.14560;5.52647;Maarssen;2
WS-HDSR2019;G1904;Stichtse Vecht;WK190401;Maarssen;BU19040109;Lanenkwartier;0333100000009480;Woonzorgcentrum Maria Dommer;Muijs, A.J.A.;CDA;0;131158;461849;52.14432;5.03890;132100;461987;52.14432;5.03890;131117;461984;52.14560;5.52647;Maarssen;2
WS-HDSR2019;G1904;Stichtse Vecht;WK190401;Maarssen;BU19040109;Lanenkwartier;0333100000009480;Woonzorgcentrum Maria Dommer;van Kippersluis, F.P.;CDA;0;131158;461849;52.14432;5.03890;132100;461987;52.14432;5.03890;131117;461984;52.14560;5.52647;Maarssen;2
WS-HDSR2019;G1904;Stichtse Vecht;WK190401;Maarssen;BU19040109;Lanenkwartier;0333100000009480;Woonzorgcentrum Maria Dommer;Migchels, G.;CDA;0;131158;461849;52.14432;5.03890;132100;461987;52.14432;5.03890;131117;461984;52.14560;5.52647;Maarssen;2
WS-HDSR2019;G1904;Stichtse Vecht;WK190401;Maarssen;BU19040109;Lanenkwartier;0333100000009480;Woonzorgcentrum Maria Dommer;Baars, J.G.;CDA;0;131158;461849;52.14432;5.03890;132100;461987;52.14432;5.03890;131117;461984;52.14560;5.52647;Maarssen;2
WS-HDSR2019;G1904;Stichtse Vecht;WK190401;Maarssen;BU19040109;Lanenkwartier;0333100000009480;Woonzorgcentrum Maria Dommer;Blom-Oosterhoff, R.C.;CDA;0;131158;461849;52.14432;5.03890;132100;461987;52.14432;5.03890;131117;461984;52.14560;5.52647;Maarssen;2
WS-HDSR2019;G1904;Stichtse Vecht;WK190401;Maarssen;BU19040109;Lanenkwartier;0333100000009480;Woonzorgcentrum Maria Dommer;Jansen op de Haar, C.G.;Partij van de Arbeid (P.v.d.A.);0;131158;461849;52.14432;5.03890;132100;461987;52.14432;5.03890;131117;461984;52.14560;5.52647;Maarssen;2
WS-HDSR2019;G1904;Stichtse Vecht;WK190401;Maarssen;BU19040109;Lanenkwartier;0333100000009480;Woonzorgcentrum Maria Dommer;van Zoelen, N.M.;Partij van de Arbeid (P.v.d.A.);2;131158;461849;52.14432;5.03890;132100;461987;52.14432;5.03890;131117;461984;52.14560;5.52647;Maarssen;2
WS-HDSR2019;G1904;Stichtse Vecht;WK190401;Maarssen;BU19040109;Lanenkwartier;0333100000009480;Woonzorgcentrum Maria Dommer;van Bork, F.J.;Partij van de Arbeid (P.v.d.A.);0;131158;461849;52.14432;5.03890;132100;461987;52.14432;5.03890;131117;461984;52.14560;5.52647;Maarssen;2
WS-HDSR2019;G1904;Stichtse Vecht;WK190401;Maarssen;BU19040109;Lanenkwartier;0333100000009480;Woonzorgcentrum Maria Dommer;Heesen, W.A.;Partij van de Arbeid (P.v.d.A.);0;131158;461849;52.14432;5.03890;132100;461987;52.14432;5.03890;131117;461984;52.14560;5.52647;Maarssen;2
WS-HDSR2019;G1904;Stichtse Vecht;WK190401;Maarssen;BU19040109;Lanenkwartier;0333100000009480;Woonzorgcentrum Maria Dommer;Reerink, J.G.M.;Partij van de Arbeid (P.v.d.A.);0;131158;461849;52.14432;5.03890;132100;461987;52.14432;5.03890;131117;461984;52.14560;5.52647;Maarssen;2
WS-HDSR2019;G1904;Stichtse Vecht;WK190401;Maarssen;BU19040109;Lanenkwartier;0333100000009480;Woonzorgcentrum Maria Dommer;Mulder, G.G.J.;Partij van de Arbeid (P.v.d.A.);0;131158;461849;52.14432;5.03890;132100;461987;52.14432;5.03890;131117;461984;52.14560;5.52647;Maarssen;2
WS-HDSR2019;G1904;Stichtse Vecht;WK190401;Maarssen;BU19040109;Lanenkwartier;0333100000009480;Woonzorgcentrum Maria Dommer;Steen, J.H.;Partij van de Arbeid (P.v.d.A.);0;131158;461849;52.14432;5.03890;132100;461987;52.14432;5.03890;131117;461984;52.14560;5.52647;Maarssen;2
WS-HDSR2019;G1904;Stichtse Vecht;WK190401;Maarssen;BU19040109;Lanenkwartier;0333100000009480;Woonzorgcentrum Maria Dommer;Jeddaoui, S.;Partij van de Arbeid (P.v.d.A.);1;131158;461849;52.14432;5.03890;132100;461987;52.14432;5.03890;131117;461984;52.14560;5.52647;Maarssen;2
WS-HDSR2019;G1904;Stichtse Vecht;WK190401;Maarssen;BU19040109;Lanenkwartier;0333100000009480;Woonzorgcentrum Maria Dommer;Meijerink, M.S.J.;Partij van de Arbeid (P.v.d.A.);0;131158;461849;52.14432;5.03890;132100;461987;52.14432;5.03890;131117;461984;52.14560;5.52647;Maarssen;2
WS-HDSR2019;G1904;Stichtse Vecht;WK190401;Maarssen;BU19040109;Lanenkwartier;0333100000009480;Woonzorgcentrum Maria Dommer;Dubbink, J.;Partij van de Arbeid (P.v.d.A.);0;131158;461849;52.14432;5.03890;132100;461987;52.14432;5.03890;131117;461984;52.14560;5.52647;Maarssen;2
WS-HDSR2019;G1904;Stichtse Vecht;WK190401;Maarssen;BU19040109;Lanenkwartier;0333100000009480;Woonzorgcentrum Maria Dommer;Kaas, D.;Partij van de Arbeid (P.v.d.A.);0;131158;461849;52.14432;5.03890;132100;461987;52.14432;5.03890;131117;461984;52.14560;5.52647;Maarssen;2
WS-HDSR2019;G1904;Stichtse Vecht;WK190401;Maarssen;BU19040109;Lanenkwartier;0333100000009480;Woonzorgcentrum Maria Dommer;van Dijk, M.J.;Partij van de Arbeid (P.v.d.A.);0;131158;461849;52.14432;5.03890;132100;461987;52.14432;5.03890;131117;461984;52.14560;5.52647;Maarssen;2
WS-HDSR2019;G1904;Stichtse Vecht;WK190401;Maarssen;BU19040109;Lanenkwartier;0333100000009480;Woonzorgcentrum Maria Dommer;Boer, A.;Partij van de Arbeid (P.v.d.A.);0;131158;461849;52.14432;5.03890;132100;461987;52.14432;5.03890;131117;461984;52.14560;5.52647;Maarssen;2
WS-HDSR2019;G1904;Stichtse Vecht;WK190401;Maarssen;BU19040109;Lanenkwartier;0333100000009480;Woonzorgcentrum Maria Dommer;Dibi, B.;Partij van de Arbeid (P.v.d.A.);0;131158;461849;52.14432;5.03890;132100;461987;52.14432;5.03890;131117;461984;52.14560;5.52647;Maarssen;2
WS-HDSR2019;G1904;Stichtse Vecht;WK190401;Maarssen;BU19040109;Lanenkwartier;0333100000009480;Woonzorgcentrum Maria Dommer;van Hoof-Ward, M.;Partij van de Arbeid (P.v.d.A.);0;131158;461849;52.14432;5.03890;132100;461987;52.14432;5.03890;131117;461984;52.14560;5.52647;Maarssen;2
WS-HDSR2019;G1904;Stichtse Vecht;WK190401;Maarssen;BU19040109;Lanenkwartier;0333100000009480;Woonzorgcentrum Maria Dommer;van Alfen, I.H.;Partij van de Arbeid (P.v.d.A.);0;131158;461849;52.14432;5.03890;132100;461987;52.14432;5.03890;131117;461984;52.14560;5.52647;Maarssen;2
WS-HDSR2019;G1904;Stichtse Vecht;WK190401;Maarssen;BU19040109;Lanenkwartier;0333100000009480;Woonzorgcentrum Maria Dommer;Vellekoop, L.E.C.;Partij van de Arbeid (P.v.d.A.);0;131158;461849;52.14432;5.03890;132100;461987;52.14432;5.03890;131117;461984;52.14560;5.52647;Maarssen;2
WS-HDSR2019;G1904;Stichtse Vecht;WK190401;Maarssen;BU19040109;Lanenkwartier;0333100000009480;Woonzorgcentrum Maria Dommer;Travaille, A.;Partij voor de Dieren;0;131158;461849;52.14432;5.03890;132100;461987;52.14432;5.03890;131117;461984;52.14560;5.52647;Maarssen;2
WS-HDSR2019;G1904;Stichtse Vecht;WK190401;Maarssen;BU19040109;Lanenkwartier;0333100000009480;Woonzorgcentrum Maria Dommer;van der Steeg, W.;Partij voor de Dieren;0;131158;461849;52.14432;5.03890;132100;461987;52.14432;5.03890;131117;461984;52.14560;5.52647;Maarssen;2
WS-HDSR2019;G1904;Stichtse Vecht;WK190401;Maarssen;BU19040109;Lanenkwartier;0333100000009480;Woonzorgcentrum Maria Dommer;van der Kruk, R.;Partij voor de Dieren;0;131158;461849;52.14432;5.03890;132100;461987;52.14432;5.03890;131117;461984;52.14560;5.52647;Maarssen;2
WS-HDSR2019;G1904;Stichtse Vecht;WK190401;Maarssen;BU19040109;Lanenkwartier;0333100000009480;Woonzorgcentrum Maria Dommer;Dam, F.;Partij voor de Dieren;0;131158;461849;52.14432;5.03890;132100;461987;52.14432;5.03890;131117;461984;52.14560;5.52647;Maarssen;2
WS-HDSR2019;G1904;Stichtse Vecht;WK190401;Maarssen;BU19040109;Lanenkwartier;0333100000009480;Woonzorgcentrum Maria Dommer;Hendriks, M.A.;Partij voor de Dieren;0;131158;461849;52.14432;5.03890;132100;461987;52.14432;5.03890;131117;461984;52.14560;5.52647;Maarssen;2
WS-HDSR2019;G1904;Stichtse Vecht;WK190401;Maarssen;BU19040109;Lanenkwartier;0333100000009480;Woonzorgcentrum Maria Dommer;Korteweg, E.I.;Partij voor de Dieren;0;131158;461849;52.14432;5.03890;132100;461987;52.14432;5.03890;131117;461984;52.14560;5.52647;Maarssen;2
WS-HDSR2019;G1904;Stichtse Vecht;WK190401;Maarssen;BU19040109;Lanenkwartier;0333100000009480;Woonzorgcentrum Maria Dommer;Verkleij-Torenbeek, C.;Partij voor de Dieren;0;131158;461849;52.14432;5.03890;132100;461987;52.14432;5.03890;131117;461984;52.14560;5.52647;Maarssen;2
WS-HDSR2019;G1904;Stichtse Vecht;WK190401;Maarssen;BU19040109;Lanenkwartier;0333100000009480;Woonzorgcentrum Maria Dommer;Oskam, S.W.;Partij voor de Dieren;0;131158;461849;52.14432;5.03890;132100;461987;52.14432;5.03890;131117;461984;52.14560;5.52647;Maarssen;2
WS-HDSR2019;G1904;Stichtse Vecht;WK190401;Maarssen;BU19040109;Lanenkwartier;0333100000009480;Woonzorgcentrum Maria Dommer;Bodewitz, W.A.;Partij voor de Dieren;0;131158;461849;52.14432;5.03890;132100;461987;52.14432;5.03890;131117;461984;52.14560;5.52647;Maarssen;2
WS-HDSR2019;G1904;Stichtse Vecht;WK190401;Maarssen;BU19040109;Lanenkwartier;0333100000009480;Woonzorgcentrum Maria Dommer;Verkaik, E.;Waterschap@inwonersbelangen;0;131158;461849;52.14432;5.03890;132100;461987;52.14432;5.03890;131117;461984;52.14560;5.52647;Maarssen;2
WS-HDSR2019;G1904;Stichtse Vecht;WK190401;Maarssen;BU19040109;Lanenkwartier;0333100000009480;Woonzorgcentrum Maria Dommer;Ketting, H.B.G.;Waterschap@inwonersbelangen;0;131158;461849;52.14432;5.03890;132100;461987;52.14432;5.03890;131117;461984;52.14560;5.52647;Maarssen;2
WS-HDSR2019;G1904;Stichtse Vecht;WK190401;Maarssen;BU19040109;Lanenkwartier;0333100000009480;Woonzorgcentrum Maria Dommer;Haaxma, A.;Waterschap@inwonersbelangen;0;131158;461849;52.14432;5.03890;132100;461987;52.14432;5.03890;131117;461984;52.14560;5.52647;Maarssen;2
WS-HDSR2019;G1904;Stichtse Vecht;WK190401;Maarssen;BU19040109;Lanenkwartier;0333100000009480;Woonzorgcentrum Maria Dommer;Zandbergen, G.;Waterschap@inwonersbelangen;0;131158;461849;52.14432;5.03890;132100;461987;52.14432;5.03890;131117;461984;52.14560;5.52647;Maarssen;2
WS-HDSR2019;G1904;Stichtse Vecht;WK190401;Maarssen;BU19040109;Lanenkwartier;0333100000009480;Woonzorgcentrum Maria Dommer;van Leeuwen-van der Horst, L.P.T.;Waterschap@inwonersbelangen;0;131158;461849;52.14432;5.03890;132100;461987;52.14432;5.03890;131117;461984;52.14560;5.52647;Maarssen;2
WS-HDSR2019;G1904;Stichtse Vecht;WK190401;Maarssen;BU19040109;Lanenkwartier;0333100000009480;Woonzorgcentrum Maria Dommer;van der Does, J.C.;Waterschap@inwonersbelangen;0;131158;461849;52.14432;5.03890;132100;461987;52.14432;5.03890;131117;461984;52.14560;5.52647;Maarssen;2
WS-HDSR2019;G1904;Stichtse Vecht;WK190401;Maarssen;BU19040109;Lanenkwartier;0333100000009480;Woonzorgcentrum Maria Dommer;van Niel, D.A.;Waterschap@inwonersbelangen;1;131158;461849;52.14432;5.03890;132100;461987;52.14432;5.03890;131117;461984;52.14560;5.52647;Maarssen;2
WS-HDSR2019;G1904;Stichtse Vecht;WK190401;Maarssen;BU19040109;Lanenkwartier;0333100000009480;Woonzorgcentrum Maria Dommer;Borst-Kruithof, K.;Waterschap@inwonersbelangen;0;131158;461849;52.14432;5.03890;132100;461987;52.14432;5.03890;131117;461984;52.14560;5.52647;Maarssen;2
WS-HDSR2019;G1904;Stichtse Vecht;WK190401;Maarssen;BU19040109;Lanenkwartier;0333100000009480;Woonzorgcentrum Maria Dommer;Voorendt, T.C.M.;Waterschap@inwonersbelangen;0;131158;461849;52.14432;5.03890;132100;461987;52.14432;5.03890;131117;461984;52.14560;5.52647;Maarssen;2
WS-HDSR2019;G1904;Stichtse Vecht;WK190401;Maarssen;BU19040109;Lanenkwartier;0333100000009480;Woonzorgcentrum Maria Dommer;de With, F.;Waterschap@inwonersbelangen;0;131158;461849;52.14432;5.03890;132100;461987;52.14432;5.03890;131117;461984;52.14560;5.52647;Maarssen;2
WS-HDSR2019;G1904;Stichtse Vecht;WK190401;Maarssen;BU19040109;Lanenkwartier;0333100000009480;Woonzorgcentrum Maria Dommer;Boer, W.J.;Waterschap@inwonersbelangen;0;131158;461849;52.14432;5.03890;132100;461987;52.14432;5.03890;131117;461984;52.14560;5.52647;Maarssen;2
WS-HDSR2019;G1904;Stichtse Vecht;WK190401;Maarssen;BU19040109;Lanenkwartier;0333100000009480;Woonzorgcentrum Maria Dommer;Verkaik, L.J.C.;Waterschap@inwonersbelangen;0;131158;461849;52.14432;5.03890;132100;461987;52.14432;5.03890;131117;461984;52.14560;5.52647;Maarssen;2
WS-HDSR2019;G1904;Stichtse Vecht;WK190401;Maarssen;BU19040109;Lanenkwartier;0333100000009480;Woonzorgcentrum Maria Dommer;Streekstra, S.;Waterschap@inwonersbelangen;0;131158;461849;52.14432;5.03890;132100;461987;52.14432;5.03890;131117;461984;52.14560;5.52647;Maarssen;2
WS-HDSR2019;G1904;Stichtse Vecht;WK190401;Maarssen;BU19040109;Lanenkwartier;0333100000009480;Woonzorgcentrum Maria Dommer;van Kranenburg, C.J.;ChristenUnie;0;131158;461849;52.14432;5.03890;132100;461987;52.14432;5.03890;131117;461984;52.14560;5.52647;Maarssen;2
WS-HDSR2019;G1904;Stichtse Vecht;WK190401;Maarssen;BU19040109;Lanenkwartier;0333100000009480;Woonzorgcentrum Maria Dommer;van de Belt, D.;ChristenUnie;0;131158;461849;52.14432;5.03890;132100;461987;52.14432;5.03890;131117;461984;52.14560;5.52647;Maarssen;2
WS-HDSR2019;G1904;Stichtse Vecht;WK190401;Maarssen;BU19040109;Lanenkwartier;0333100000009480;Woonzorgcentrum Maria Dommer;Pleijsier, C.S.;ChristenUnie;0;131158;461849;52.14432;5.03890;132100;461987;52.14432;5.03890;131117;461984;52.14560;5.52647;Maarssen;2
WS-HDSR2019;G1904;Stichtse Vecht;WK190401;Maarssen;BU19040109;Lanenkwartier;0333100000009480;Woonzorgcentrum Maria Dommer;Zeef, P.H.H.;ChristenUnie;0;131158;461849;52.14432;5.03890;132100;461987;52.14432;5.03890;131117;461984;52.14560;5.52647;Maarssen;2
WS-HDSR2019;G1904;Stichtse Vecht;WK190401;Maarssen;BU19040109;Lanenkwartier;0333100000009480;Woonzorgcentrum Maria Dommer;Voortman, D.G.J.;ChristenUnie;0;131158;461849;52.14432;5.03890;132100;461987;52.14432;5.03890;131117;461984;52.14560;5.52647;Maarssen;2
WS-HDSR2019;G1904;Stichtse Vecht;WK190401;Maarssen;BU19040109;Lanenkwartier;0333100000009480;Woonzorgcentrum Maria Dommer;Snoek, H.C.;ChristenUnie;0;131158;461849;52.14432;5.03890;132100;461987;52.14432;5.03890;131117;461984;52.14560;5.52647;Maarssen;2
WS-HDSR2019;G1904;Stichtse Vecht;WK190401;Maarssen;BU19040109;Lanenkwartier;0333100000009480;Woonzorgcentrum Maria Dommer;van der Grift, C.M.;ChristenUnie;0;131158;461849;52.14432;5.03890;132100;461987;52.14432;5.03890;131117;461984;52.14560;5.52647;Maarssen;2
WS-HDSR2019;G1904;Stichtse Vecht;WK190401;Maarssen;BU19040109;Lanenkwartier;0333100000009480;Woonzorgcentrum Maria Dommer;Reinders, M.J.;ChristenUnie;0;131158;461849;52.14432;5.03890;132100;461987;52.14432;5.03890;131117;461984;52.14560;5.52647;Maarssen;2
WS-HDSR2019;G1904;Stichtse Vecht;WK190401;Maarssen;BU19040109;Lanenkwartier;0333100000009480;Woonzorgcentrum Maria Dommer;Benders-Molenaar, M.;ChristenUnie;0;131158;461849;52.14432;5.03890;132100;461987;52.14432;5.03890;131117;461984;52.14560;5.52647;Maarssen;2
WS-HDSR2019;G1904;Stichtse Vecht;WK190401;Maarssen;BU19040109;Lanenkwartier;0333100000009480;Woonzorgcentrum Maria Dommer;van Wijnen, D.A.;ChristenUnie;0;131158;461849;52.14432;5.03890;132100;461987;52.14432;5.03890;131117;461984;52.14560;5.52647;Maarssen;2
WS-HDSR2019;G1904;Stichtse Vecht;WK190401;Maarssen;BU19040109;Lanenkwartier;0333100000009480;Woonzorgcentrum Maria Dommer;Voorberg, C.Z.;ChristenUnie;0;131158;461849;52.14432;5.03890;132100;461987;52.14432;5.03890;131117;461984;52.14560;5.52647;Maarssen;2
WS-HDSR2019;G1904;Stichtse Vecht;WK190401;Maarssen;BU19040109;Lanenkwartier;0333100000009480;Woonzorgcentrum Maria Dommer;Roetman, I.C.;ChristenUnie;2;131158;461849;52.14432;5.03890;132100;461987;52.14432;5.03890;131117;461984;52.14560;5.52647;Maarssen;2
WS-HDSR2019;G1904;Stichtse Vecht;WK190401;Maarssen;BU19040109;Lanenkwartier;0333100000009480;Woonzorgcentrum Maria Dommer;Wentink, A.G.;ChristenUnie;0;131158;461849;52.14432;5.03890;132100;461987;52.14432;5.03890;131117;461984;52.14560;5.52647;Maarssen;2
WS-HDSR2019;G1904;Stichtse Vecht;WK190401;Maarssen;BU19040109;Lanenkwartier;0333100000009480;Woonzorgcentrum Maria Dommer;Pape-van Genderen, C.A.;ChristenUnie;0;131158;461849;52.14432;5.03890;132100;461987;52.14432;5.03890;131117;461984;52.14560;5.52647;Maarssen;2
WS-HDSR2019;G1904;Stichtse Vecht;WK190401;Maarssen;BU19040109;Lanenkwartier;0333100000009480;Woonzorgcentrum Maria Dommer;Taute, G.;ChristenUnie;0;131158;461849;52.14432;5.03890;132100;461987;52.14432;5.03890;131117;461984;52.14560;5.52647;Maarssen;2
WS-HDSR2019;G1904;Stichtse Vecht;WK190401;Maarssen;BU19040109;Lanenkwartier;0333100000009480;Woonzorgcentrum Maria Dommer;Meijer, J.H.;ChristenUnie;0;131158;461849;52.14432;5.03890;132100;461987;52.14432;5.03890;131117;461984;52.14560;5.52647;Maarssen;2
WS-HDSR2019;G1904;Stichtse Vecht;WK190401;Maarssen;BU19040109;Lanenkwartier;0333100000009480;Woonzorgcentrum Maria Dommer;van Dalen-van Hierden, B.;ChristenUnie;0;131158;461849;52.14432;5.03890;132100;461987;52.14432;5.03890;131117;461984;52.14560;5.52647;Maarssen;2
WS-HDSR2019;G1904;Stichtse Vecht;WK190401;Maarssen;BU19040109;Lanenkwartier;0333100000009480;Woonzorgcentrum Maria Dommer;van der Ven, A.;ChristenUnie;0;131158;461849;52.14432;5.03890;132100;461987;52.14432;5.03890;131117;461984;52.14560;5.52647;Maarssen;2
WS-HDSR2019;G1904;Stichtse Vecht;WK190401;Maarssen;BU19040109;Lanenkwartier;0333100000009480;Woonzorgcentrum Maria Dommer;van Utrecht, D.;ChristenUnie;0;131158;461849;52.14432;5.03890;132100;461987;52.14432;5.03890;131117;461984;52.14560;5.52647;Maarssen;2
WS-HDSR2019;G1904;Stichtse Vecht;WK190401;Maarssen;BU19040109;Lanenkwartier;0333100000009480;Woonzorgcentrum Maria Dommer;Lont, B.C.;ChristenUnie;0;131158;461849;52.14432;5.03890;132100;461987;52.14432;5.03890;131117;461984;52.14560;5.52647;Maarssen;2
WS-HDSR2019;G1904;Stichtse Vecht;WK190401;Maarssen;BU19040109;Lanenkwartier;0333100000009480;Woonzorgcentrum Maria Dommer;Bos, P.W.;ChristenUnie;0;131158;461849;52.14432;5.03890;132100;461987;52.14432;5.03890;131117;461984;52.14560;5.52647;Maarssen;2
WS-HDSR2019;G1904;Stichtse Vecht;WK190401;Maarssen;BU19040109;Lanenkwartier;0333100000009480;Woonzorgcentrum Maria Dommer;Kool, A.;ChristenUnie;0;131158;461849;52.14432;5.03890;132100;461987;52.14432;5.03890;131117;461984;52.14560;5.52647;Maarssen;2
WS-HDSR2019;G1904;Stichtse Vecht;WK190401;Maarssen;BU19040109;Lanenkwartier;0333100000009480;Woonzorgcentrum Maria Dommer;Schaddelee, A.J.;ChristenUnie;0;131158;461849;52.14432;5.03890;132100;461987;52.14432;5.03890;131117;461984;52.14560;5.52647;Maarssen;2
WS-HDSR2019;G1904;Stichtse Vecht;WK190401;Maarssen;BU19040109;Lanenkwartier;0333100000009480;Woonzorgcentrum Maria Dommer;Dieperink, C.;AWP niet politiek, wel deskundig;0;131158;461849;52.14432;5.03890;132100;461987;52.14432;5.03890;131117;461984;52.14560;5.52647;Maarssen;2
WS-HDSR2019;G1904;Stichtse Vecht;WK190401;Maarssen;BU19040109;Lanenkwartier;0333100000009480;Woonzorgcentrum Maria Dommer;Verweij, J.P.;AWP niet politiek, wel deskundig;0;131158;461849;52.14432;5.03890;132100;461987;52.14432;5.03890;131117;461984;52.14560;5.52647;Maarssen;2
WS-HDSR2019;G1904;Stichtse Vecht;WK190401;Maarssen;BU19040109;Lanenkwartier;0333100000009480;Woonzorgcentrum Maria Dommer;Moinier, S.;AWP niet politiek, wel deskundig;0;131158;461849;52.14432;5.03890;132100;461987;52.14432;5.03890;131117;461984;52.14560;5.52647;Maarssen;2
WS-HDSR2019;G1904;Stichtse Vecht;WK190401;Maarssen;BU19040109;Lanenkwartier;0333100000009480;Woonzorgcentrum Maria Dommer;Heidema, A.;AWP niet politiek, wel deskundig;0;131158;461849;52.14432;5.03890;132100;461987;52.14432;5.03890;131117;461984;52.14560;5.52647;Maarssen;2
WS-HDSR2019;G1904;Stichtse Vecht;WK190401;Maarssen;BU19040109;Lanenkwartier;0333100000009480;Woonzorgcentrum Maria Dommer;Keessen, A.M.;AWP niet politiek, wel deskundig;0;131158;461849;52.14432;5.03890;132100;461987;52.14432;5.03890;131117;461984;52.14560;5.52647;Maarssen;2
WS-HDSR2019;G1904;Stichtse Vecht;WK190401;Maarssen;BU19040109;Lanenkwartier;0333100000009480;Woonzorgcentrum Maria Dommer;Moor, J.A.P.M.;AWP niet politiek, wel deskundig;0;131158;461849;52.14432;5.03890;132100;461987;52.14432;5.03890;131117;461984;52.14560;5.52647;Maarssen;2
WS-HDSR2019;G1904;Stichtse Vecht;WK190401;Maarssen;BU19040109;Lanenkwartier;0333100000009480;Woonzorgcentrum Maria Dommer;de Leeuw-Bosch, E.;AWP niet politiek, wel deskundig;0;131158;461849;52.14432;5.03890;132100;461987;52.14432;5.03890;131117;461984;52.14560;5.52647;Maarssen;2
WS-HDSR2019;G1904;Stichtse Vecht;WK190401;Maarssen;BU19040109;Lanenkwartier;0333100000009480;Woonzorgcentrum Maria Dommer;Koop, S.H.A.;AWP niet politiek, wel deskundig;0;131158;461849;52.14432;5.03890;132100;461987;52.14432;5.03890;131117;461984;52.14560;5.52647;Maarssen;2
WS-HDSR2019;G1904;Stichtse Vecht;WK190401;Maarssen;BU19040109;Lanenkwartier;0333100000009480;Woonzorgcentrum Maria Dommer;Hiemstra, A.;AWP niet politiek, wel deskundig;0;131158;461849;52.14432;5.03890;132100;461987;52.14432;5.03890;131117;461984;52.14560;5.52647;Maarssen;2
WS-HDSR2019;G1904;Stichtse Vecht;WK190401;Maarssen;BU19040109;Lanenkwartier;0333100000009480;Woonzorgcentrum Maria Dommer;van der Veen, B.J.;AWP niet politiek, wel deskundig;0;131158;461849;52.14432;5.03890;132100;461987;52.14432;5.03890;131117;461984;52.14560;5.52647;Maarssen;2
WS-HDSR2019;G1904;Stichtse Vecht;WK190401;Maarssen;BU19040109;Lanenkwartier;0333100000009480;Woonzorgcentrum Maria Dommer;Gilissen, H.K.;AWP niet politiek, wel deskundig;0;131158;461849;52.14432;5.03890;132100;461987;52.14432;5.03890;131117;461984;52.14560;5.52647;Maarssen;2
WS-HDSR2019;G1904;Stichtse Vecht;WK190401;Maarssen;BU19040109;Lanenkwartier;0333100000009480;Woonzorgcentrum Maria Dommer;van Leeuwen, C.J.;AWP niet politiek, wel deskundig;0;131158;461849;52.14432;5.03890;132100;461987;52.14432;5.03890;131117;461984;52.14560;5.52647;Maarssen;2
WS-HDSR2019;G1904;Stichtse Vecht;WK190401;Maarssen;BU19040109;Lanenkwartier;0333100000009480;Woonzorgcentrum Maria Dommer;Jansen, A. E.;AWP niet politiek, wel deskundig;0;131158;461849;52.14432;5.03890;132100;461987;52.14432;5.03890;131117;461984;52.14560;5.52647;Maarssen;2
WS-HDSR2019;G1904;Stichtse Vecht;WK190401;Maarssen;BU19040109;Lanenkwartier;0333100000009480;Woonzorgcentrum Maria Dommer;van Os, F.;Staatkundig Gereformeerde Partij (SGP);0;131158;461849;52.14432;5.03890;132100;461987;52.14432;5.03890;131117;461984;52.14560;5.52647;Maarssen;2
WS-HDSR2019;G1904;Stichtse Vecht;WK190401;Maarssen;BU19040109;Lanenkwartier;0333100000009480;Woonzorgcentrum Maria Dommer;van Zetten, J.N.;Staatkundig Gereformeerde Partij (SGP);0;131158;461849;52.14432;5.03890;132100;461987;52.14432;5.03890;131117;461984;52.14560;5.52647;Maarssen;2
WS-HDSR2019;G1904;Stichtse Vecht;WK190401;Maarssen;BU19040109;Lanenkwartier;0333100000009480;Woonzorgcentrum Maria Dommer;van der Wind, J.J.;Staatkundig Gereformeerde Partij (SGP);0;131158;461849;52.14432;5.03890;132100;461987;52.14432;5.03890;131117;461984;52.14560;5.52647;Maarssen;2
WS-HDSR2019;G1904;Stichtse Vecht;WK190401;Maarssen;BU19040109;Lanenkwartier;0333100000009480;Woonzorgcentrum Maria Dommer;Verweij, K.C.;Staatkundig Gereformeerde Partij (SGP);0;131158;461849;52.14432;5.03890;132100;461987;52.14432;5.03890;131117;461984;52.14560;5.52647;Maarssen;2
WS-HDSR2019;G1904;Stichtse Vecht;WK190401;Maarssen;BU19040109;Lanenkwartier;0333100000009480;Woonzorgcentrum Maria Dommer;van Leeuwen, G.;Staatkundig Gereformeerde Partij (SGP);0;131158;461849;52.14432;5.03890;132100;461987;52.14432;5.03890;131117;461984;52.14560;5.52647;Maarssen;2
WS-HDSR2019;G1904;Stichtse Vecht;WK190401;Maarssen;BU19040109;Lanenkwartier;0333100000009480;Woonzorgcentrum Maria Dommer;de Groot, L.;Staatkundig Gereformeerde Partij (SGP);0;131158;461849;52.14432;5.03890;132100;461987;52.14432;5.03890;131117;461984;52.14560;5.52647;Maarssen;2
WS-HDSR2019;G1904;Stichtse Vecht;WK190401;Maarssen;BU19040109;Lanenkwartier;0333100000009480;Woonzorgcentrum Maria Dommer;Boonzaaijer, G.;Staatkundig Gereformeerde Partij (SGP);0;131158;461849;52.14432;5.03890;132100;461987;52.14432;5.03890;131117;461984;52.14560;5.52647;Maarssen;2
WS-HDSR2019;G1904;Stichtse Vecht;WK190401;Maarssen;BU19040109;Lanenkwartier;0333100000009480;Woonzorgcentrum Maria Dommer;Broere, J.;Staatkundig Gereformeerde Partij (SGP);0;131158;461849;52.14432;5.03890;132100;461987;52.14432;5.03890;131117;461984;52.14560;5.52647;Maarssen;2
WS-HDSR2019;G1904;Stichtse Vecht;WK190401;Maarssen;BU19040109;Lanenkwartier;0333100000009480;Woonzorgcentrum Maria Dommer;Marchal, J.;Staatkundig Gereformeerde Partij (SGP);0;131158;461849;52.14432;5.03890;132100;461987;52.14432;5.03890;131117;461984;52.14560;5.52647;Maarssen;2
WS-HDSR2019;G1904;Stichtse Vecht;WK190401;Maarssen;BU19040109;Lanenkwartier;0333100000009480;Woonzorgcentrum Maria Dommer;van Woudenberg, J.;Staatkundig Gereformeerde Partij (SGP);0;131158;461849;52.14432;5.03890;132100;461987;52.14432;5.03890;131117;461984;52.14560;5.52647;Maarssen;2
WS-HDSR2019;G1904;Stichtse Vecht;WK190401;Maarssen;BU19040109;Lanenkwartier;0333100000009480;Woonzorgcentrum Maria Dommer;Verduijn, A.;Staatkundig Gereformeerde Partij (SGP);0;131158;461849;52.14432;5.03890;132100;461987;52.14432;5.03890;131117;461984;52.14560;5.52647;Maarssen;2
WS-HDSR2019;G1904;Stichtse Vecht;WK190401;Maarssen;BU19040109;Lanenkwartier;0333100000009480;Woonzorgcentrum Maria Dommer;Rijneveld, C.;Staatkundig Gereformeerde Partij (SGP);0;131158;461849;52.14432;5.03890;132100;461987;52.14432;5.03890;131117;461984;52.14560;5.52647;Maarssen;2
WS-HDSR2019;G1904;Stichtse Vecht;WK190401;Maarssen;BU19040109;Lanenkwartier;0333100000009480;Woonzorgcentrum Maria Dommer;Doornenbal, G.;Staatkundig Gereformeerde Partij (SGP);0;131158;461849;52.14432;5.03890;132100;461987;52.14432;5.03890;131117;461984;52.14560;5.52647;Maarssen;2
WS-HDSR2019;G1904;Stichtse Vecht;WK190401;Maarssen;BU19040109;Lanenkwartier;0333100000009480;Woonzorgcentrum Maria Dommer;van Vulpen, C.;Staatkundig Gereformeerde Partij (SGP);0;131158;461849;52.14432;5.03890;132100;461987;52.14432;5.03890;131117;461984;52.14560;5.52647;Maarssen;2
WS-HDSR2019;G1904;Stichtse Vecht;WK190401;Maarssen;BU19040109;Lanenkwartier;0333100000009480;Woonzorgcentrum Maria Dommer;Benschop, J.W.;Staatkundig Gereformeerde Partij (SGP);0;131158;461849;52.14432;5.03890;132100;461987;52.14432;5.03890;131117;461984;52.14560;5.52647;Maarssen;2
WS-HDSR2019;G1904;Stichtse Vecht;WK190401;Maarssen;BU19040109;Lanenkwartier;0333100000009480;Woonzorgcentrum Maria Dommer;van den Hoek, R.P.J.J.;50PLUS;0;131158;461849;52.14432;5.03890;132100;461987;52.14432;5.03890;131117;461984;52.14560;5.52647;Maarssen;2
WS-HDSR2019;G1904;Stichtse Vecht;WK190401;Maarssen;BU19040109;Lanenkwartier;0333100000009480;Woonzorgcentrum Maria Dommer;Schalkwijk, G.M.;50PLUS;1;131158;461849;52.14432;5.03890;132100;461987;52.14432;5.03890;131117;461984;52.14560;5.52647;Maarssen;2
WS-HDSR2019;G1904;Stichtse Vecht;WK190401;Maarssen;BU19040109;Lanenkwartier;0333100000009480;Woonzorgcentrum Maria Dommer;de Mol, S.A.;50PLUS;0;131158;461849;52.14432;5.03890;132100;461987;52.14432;5.03890;131117;461984;52.14560;5.52647;Maarssen;2
WS-HDSR2019;G1904;Stichtse Vecht;WK190401;Maarssen;BU19040109;Lanenkwartier;0333100000009480;Woonzorgcentrum Maria Dommer;Schifferling, J.H.;50PLUS;0;131158;461849;52.14432;5.03890;132100;461987;52.14432;5.03890;131117;461984;52.14560;5.52647;Maarssen;2
WS-HDSR2019;G1904;Stichtse Vecht;WK190401;Maarssen;BU19040109;Lanenkwartier;0333100000009480;Woonzorgcentrum Maria Dommer;Cornelissen, M.P.J.;50PLUS;0;131158;461849;52.14432;5.03890;132100;461987;52.14432;5.03890;131117;461984;52.14560;5.52647;Maarssen;2
WS-HDSR2019;G1904;Stichtse Vecht;WK190401;Maarssen;BU19040109;Lanenkwartier;0333100000009480;Woonzorgcentrum Maria Dommer;Postma, R.;50PLUS;0;131158;461849;52.14432;5.03890;132100;461987;52.14432;5.03890;131117;461984;52.14560;5.52647;Maarssen;2
WS-HDSR2019;G1904;Stichtse Vecht;WK190401;Maarssen;BU19040115;Zeeheldenbuurt;0333100000013689;Basisschool de Klaroen;Otterman, J.A.;Water Natuurlijk;0;131379;462060;52.14622;5.04211;132100;461987;52.14622;5.04211;131371;462270;52.14560;5.52647;Maarssen;3
WS-HDSR2019;G1904;Stichtse Vecht;WK190401;Maarssen;BU19040115;Zeeheldenbuurt;0333100000013689;Basisschool de Klaroen;Jansen, M.L.E.;Water Natuurlijk;0;131379;462060;52.14622;5.04211;132100;461987;52.14622;5.04211;131371;462270;52.14560;5.52647;Maarssen;3
WS-HDSR2019;G1904;Stichtse Vecht;WK190401;Maarssen;BU19040115;Zeeheldenbuurt;0333100000013689;Basisschool de Klaroen;van der Heijden, J.;Water Natuurlijk;0;131379;462060;52.14622;5.04211;132100;461987;52.14622;5.04211;131371;462270;52.14560;5.52647;Maarssen;3
WS-HDSR2019;G1904;Stichtse Vecht;WK190401;Maarssen;BU19040115;Zeeheldenbuurt;0333100000013689;Basisschool de Klaroen;Oskam, G.A.;Water Natuurlijk;0;131379;462060;52.14622;5.04211;132100;461987;52.14622;5.04211;131371;462270;52.14560;5.52647;Maarssen;3
WS-HDSR2019;G1904;Stichtse Vecht;WK190401;Maarssen;BU19040115;Zeeheldenbuurt;0333100000013689;Basisschool de Klaroen;van der Molen, D.T.;Water Natuurlijk;0;131379;462060;52.14622;5.04211;132100;461987;52.14622;5.04211;131371;462270;52.14560;5.52647;Maarssen;3
WS-HDSR2019;G1904;Stichtse Vecht;WK190401;Maarssen;BU19040115;Zeeheldenbuurt;0333100000013689;Basisschool de Klaroen;Dekker-Groen, A.M.;Water Natuurlijk;0;131379;462060;52.14622;5.04211;132100;461987;52.14622;5.04211;131371;462270;52.14560;5.52647;Maarssen;3
WS-HDSR2019;G1904;Stichtse Vecht;WK190401;Maarssen;BU19040115;Zeeheldenbuurt;0333100000013689;Basisschool de Klaroen;van Dam, H.A.;Water Natuurlijk;0;131379;462060;52.14622;5.04211;132100;461987;52.14622;5.04211;131371;462270;52.14560;5.52647;Maarssen;3
WS-HDSR2019;G1904;Stichtse Vecht;WK190401;Maarssen;BU19040115;Zeeheldenbuurt;0333100000013689;Basisschool de Klaroen;de Boer, R.A.;Water Natuurlijk;0;131379;462060;52.14622;5.04211;132100;461987;52.14622;5.04211;131371;462270;52.14560;5.52647;Maarssen;3
WS-HDSR2019;G1904;Stichtse Vecht;WK190401;Maarssen;BU19040115;Zeeheldenbuurt;0333100000013689;Basisschool de Klaroen;van Berckel, A.R.M.;Water Natuurlijk;0;131379;462060;52.14622;5.04211;132100;461987;52.14622;5.04211;131371;462270;52.14560;5.52647;Maarssen;3
WS-HDSR2019;G1904;Stichtse Vecht;WK190401;Maarssen;BU19040115;Zeeheldenbuurt;0333100000013689;Basisschool de Klaroen;ten Heuw, E.W.;Water Natuurlijk;0;131379;462060;52.14622;5.04211;132100;461987;52.14622;5.04211;131371;462270;52.14560;5.52647;Maarssen;3
WS-HDSR2019;G1904;Stichtse Vecht;WK190401;Maarssen;BU19040115;Zeeheldenbuurt;0333100000013689;Basisschool de Klaroen;van der Wal, R.L.;Water Natuurlijk;0;131379;462060;52.14622;5.04211;132100;461987;52.14622;5.04211;131371;462270;52.14560;5.52647;Maarssen;3
WS-HDSR2019;G1904;Stichtse Vecht;WK190401;Maarssen;BU19040115;Zeeheldenbuurt;0333100000013689;Basisschool de Klaroen;Kortekaas, M.L.;Water Natuurlijk;0;131379;462060;52.14622;5.04211;132100;461987;52.14622;5.04211;131371;462270;52.14560;5.52647;Maarssen;3
WS-HDSR2019;G1904;Stichtse Vecht;WK190401;Maarssen;BU19040115;Zeeheldenbuurt;0333100000013689;Basisschool de Klaroen;Boerkamp, J.G.;Water Natuurlijk;0;131379;462060;52.14622;5.04211;132100;461987;52.14622;5.04211;131371;462270;52.14560;5.52647;Maarssen;3
WS-HDSR2019;G1904;Stichtse Vecht;WK190401;Maarssen;BU19040115;Zeeheldenbuurt;0333100000013689;Basisschool de Klaroen;Nobel, A.C.;Water Natuurlijk;0;131379;462060;52.14622;5.04211;132100;461987;52.14622;5.04211;131371;462270;52.14560;5.52647;Maarssen;3
WS-HDSR2019;G1904;Stichtse Vecht;WK190401;Maarssen;BU19040115;Zeeheldenbuurt;0333100000013689;Basisschool de Klaroen;Kingma, J.H.;Water Natuurlijk;0;131379;462060;52.14622;5.04211;132100;461987;52.14622;5.04211;131371;462270;52.14560;5.52647;Maarssen;3
WS-HDSR2019;G1904;Stichtse Vecht;WK190401;Maarssen;BU19040115;Zeeheldenbuurt;0333100000013689;Basisschool de Klaroen;Aulich, K.M.;Water Natuurlijk;0;131379;462060;52.14622;5.04211;132100;461987;52.14622;5.04211;131371;462270;52.14560;5.52647;Maarssen;3
WS-HDSR2019;G1904;Stichtse Vecht;WK190401;Maarssen;BU19040115;Zeeheldenbuurt;0333100000013689;Basisschool de Klaroen;Veldboer, S.J.H.M.;Water Natuurlijk;0;131379;462060;52.14622;5.04211;132100;461987;52.14622;5.04211;131371;462270;52.14560;5.52647;Maarssen;3
WS-HDSR2019;G1904;Stichtse Vecht;WK190401;Maarssen;BU19040115;Zeeheldenbuurt;0333100000013689;Basisschool de Klaroen;Bijker, W.H.;Water Natuurlijk;0;131379;462060;52.14622;5.04211;132100;461987;52.14622;5.04211;131371;462270;52.14560;5.52647;Maarssen;3
WS-HDSR2019;G1904;Stichtse Vecht;WK190401;Maarssen;BU19040115;Zeeheldenbuurt;0333100000013689;Basisschool de Klaroen;Tigchelhoff, A.;Water Natuurlijk;0;131379;462060;52.14622;5.04211;132100;461987;52.14622;5.04211;131371;462270;52.14560;5.52647;Maarssen;3
WS-HDSR2019;G1904;Stichtse Vecht;WK190401;Maarssen;BU19040115;Zeeheldenbuurt;0333100000013689;Basisschool de Klaroen;Kloppenborg, J.F.M.;Water Natuurlijk;0;131379;462060;52.14622;5.04211;132100;461987;52.14622;5.04211;131371;462270;52.14560;5.52647;Maarssen;3
WS-HDSR2019;G1904;Stichtse Vecht;WK190401;Maarssen;BU19040115;Zeeheldenbuurt;0333100000013689;Basisschool de Klaroen;Goedvolk, P.A.M.;Water Natuurlijk;0;131379;462060;52.14622;5.04211;132100;461987;52.14622;5.04211;131371;462270;52.14560;5.52647;Maarssen;3
WS-HDSR2019;G1904;Stichtse Vecht;WK190401;Maarssen;BU19040115;Zeeheldenbuurt;0333100000013689;Basisschool de Klaroen;Ket, P.C.;Water Natuurlijk;0;131379;462060;52.14622;5.04211;132100;461987;52.14622;5.04211;131371;462270;52.14560;5.52647;Maarssen;3
WS-HDSR2019;G1904;Stichtse Vecht;WK190401;Maarssen;BU19040115;Zeeheldenbuurt;0333100000013689;Basisschool de Klaroen;Gnodde, M.W.J.;Water Natuurlijk;0;131379;462060;52.14622;5.04211;132100;461987;52.14622;5.04211;131371;462270;52.14560;5.52647;Maarssen;3
WS-HDSR2019;G1904;Stichtse Vecht;WK190401;Maarssen;BU19040115;Zeeheldenbuurt;0333100000013689;Basisschool de Klaroen;Zandvliet, H.C.A.;Water Natuurlijk;0;131379;462060;52.14622;5.04211;132100;461987;52.14622;5.04211;131371;462270;52.14560;5.52647;Maarssen;3
WS-HDSR2019;G1904;Stichtse Vecht;WK190401;Maarssen;BU19040115;Zeeheldenbuurt;0333100000013689;Basisschool de Klaroen;Karelse, J.J.H.G.D.;Water Natuurlijk;0;131379;462060;52.14622;5.04211;132100;461987;52.14622;5.04211;131371;462270;52.14560;5.52647;Maarssen;3
WS-HDSR2019;G1904;Stichtse Vecht;WK190401;Maarssen;BU19040115;Zeeheldenbuurt;0333100000013689;Basisschool de Klaroen;Schuhmacher, T.;Water Natuurlijk;1;131379;462060;52.14622;5.04211;132100;461987;52.14622;5.04211;131371;462270;52.14560;5.52647;Maarssen;3
WS-HDSR2019;G1904;Stichtse Vecht;WK190401;Maarssen;BU19040115;Zeeheldenbuurt;0333100000013689;Basisschool de Klaroen;Dirkse, F.R.;Water Natuurlijk;0;131379;462060;52.14622;5.04211;132100;461987;52.14622;5.04211;131371;462270;52.14560;5.52647;Maarssen;3
WS-HDSR2019;G1904;Stichtse Vecht;WK190401;Maarssen;BU19040115;Zeeheldenbuurt;0333100000013689;Basisschool de Klaroen;Hoogeveen, H.J.;Water Natuurlijk;0;131379;462060;52.14622;5.04211;132100;461987;52.14622;5.04211;131371;462270;52.14560;5.52647;Maarssen;3
WS-HDSR2019;G1904;Stichtse Vecht;WK190401;Maarssen;BU19040115;Zeeheldenbuurt;0333100000013689;Basisschool de Klaroen;Langenbach, J.W.H.;Water Natuurlijk;0;131379;462060;52.14622;5.04211;132100;461987;52.14622;5.04211;131371;462270;52.14560;5.52647;Maarssen;3
WS-HDSR2019;G1904;Stichtse Vecht;WK190401;Maarssen;BU19040115;Zeeheldenbuurt;0333100000013689;Basisschool de Klaroen;Boot, J.L.J.;Water Natuurlijk;0;131379;462060;52.14622;5.04211;132100;461987;52.14622;5.04211;131371;462270;52.14560;5.52647;Maarssen;3
WS-HDSR2019;G1904;Stichtse Vecht;WK190401;Maarssen;BU19040115;Zeeheldenbuurt;0333100000013689;Basisschool de Klaroen;van der Vorm-Gouman, E.;Water Natuurlijk;0;131379;462060;52.14622;5.04211;132100;461987;52.14622;5.04211;131371;462270;52.14560;5.52647;Maarssen;3
WS-HDSR2019;G1904;Stichtse Vecht;WK190401;Maarssen;BU19040115;Zeeheldenbuurt;0333100000013689;Basisschool de Klaroen;Jansen, G.J.P.;Water Natuurlijk;0;131379;462060;52.14622;5.04211;132100;461987;52.14622;5.04211;131371;462270;52.14560;5.52647;Maarssen;3
WS-HDSR2019;G1904;Stichtse Vecht;WK190401;Maarssen;BU19040115;Zeeheldenbuurt;0333100000013689;Basisschool de Klaroen;Becht, G.F.;Water Natuurlijk;0;131379;462060;52.14622;5.04211;132100;461987;52.14622;5.04211;131371;462270;52.14560;5.52647;Maarssen;3
WS-HDSR2019;G1904;Stichtse Vecht;WK190401;Maarssen;BU19040115;Zeeheldenbuurt;0333100000013689;Basisschool de Klaroen;van Oostenbrugge, R.;Water Natuurlijk;0;131379;462060;52.14622;5.04211;132100;461987;52.14622;5.04211;131371;462270;52.14560;5.52647;Maarssen;3
WS-HDSR2019;G1904;Stichtse Vecht;WK190401;Maarssen;BU19040115;Zeeheldenbuurt;0333100000013689;Basisschool de Klaroen;de Jonge, P.C.;Water Natuurlijk;0;131379;462060;52.14622;5.04211;132100;461987;52.14622;5.04211;131371;462270;52.14560;5.52647;Maarssen;3
WS-HDSR2019;G1904;Stichtse Vecht;WK190401;Maarssen;BU19040115;Zeeheldenbuurt;0333100000013689;Basisschool de Klaroen;Naber, J.M.L.;Water Natuurlijk;0;131379;462060;52.14622;5.04211;132100;461987;52.14622;5.04211;131371;462270;52.14560;5.52647;Maarssen;3
WS-HDSR2019;G1904;Stichtse Vecht;WK190401;Maarssen;BU19040115;Zeeheldenbuurt;0333100000013689;Basisschool de Klaroen;Duindam, J.I.M.;Water Natuurlijk;0;131379;462060;52.14622;5.04211;132100;461987;52.14622;5.04211;131371;462270;52.14560;5.52647;Maarssen;3
WS-HDSR2019;G1904;Stichtse Vecht;WK190401;Maarssen;BU19040115;Zeeheldenbuurt;0333100000013689;Basisschool de Klaroen;Lintmeijer, F.C.W.C.;Water Natuurlijk;0;131379;462060;52.14622;5.04211;132100;461987;52.14622;5.04211;131371;462270;52.14560;5.52647;Maarssen;3
WS-HDSR2019;G1904;Stichtse Vecht;WK190401;Maarssen;BU19040115;Zeeheldenbuurt;0333100000013689;Basisschool de Klaroen;Koster-Dreese, Y.;Water Natuurlijk;0;131379;462060;52.14622;5.04211;132100;461987;52.14622;5.04211;131371;462270;52.14560;5.52647;Maarssen;3
WS-HDSR2019;G1904;Stichtse Vecht;WK190401;Maarssen;BU19040115;Zeeheldenbuurt;0333100000013689;Basisschool de Klaroen;Beugelink, G.P.;Water Natuurlijk;0;131379;462060;52.14622;5.04211;132100;461987;52.14622;5.04211;131371;462270;52.14560;5.52647;Maarssen;3
WS-HDSR2019;G1904;Stichtse Vecht;WK190401;Maarssen;BU19040115;Zeeheldenbuurt;0333100000013689;Basisschool de Klaroen;van Essen, H.P.;Water Natuurlijk;0;131379;462060;52.14622;5.04211;132100;461987;52.14622;5.04211;131371;462270;52.14560;5.52647;Maarssen;3
WS-HDSR2019;G1904;Stichtse Vecht;WK190401;Maarssen;BU19040115;Zeeheldenbuurt;0333100000013689;Basisschool de Klaroen;Snoeren, P.W.M.;Water Natuurlijk;0;131379;462060;52.14622;5.04211;132100;461987;52.14622;5.04211;131371;462270;52.14560;5.52647;Maarssen;3
WS-HDSR2019;G1904;Stichtse Vecht;WK190401;Maarssen;BU19040115;Zeeheldenbuurt;0333100000013689;Basisschool de Klaroen;Groenendijk, S.;VVD;1;131379;462060;52.14622;5.04211;132100;461987;52.14622;5.04211;131371;462270;52.14560;5.52647;Maarssen;3
WS-HDSR2019;G1904;Stichtse Vecht;WK190401;Maarssen;BU19040115;Zeeheldenbuurt;0333100000013689;Basisschool de Klaroen;van der Sterre, P.J.;VVD;0;131379;462060;52.14622;5.04211;132100;461987;52.14622;5.04211;131371;462270;52.14560;5.52647;Maarssen;3
WS-HDSR2019;G1904;Stichtse Vecht;WK190401;Maarssen;BU19040115;Zeeheldenbuurt;0333100000013689;Basisschool de Klaroen;Eijsbroek, N.;VVD;1;131379;462060;52.14622;5.04211;132100;461987;52.14622;5.04211;131371;462270;52.14560;5.52647;Maarssen;3
WS-HDSR2019;G1904;Stichtse Vecht;WK190401;Maarssen;BU19040115;Zeeheldenbuurt;0333100000013689;Basisschool de Klaroen;van Winden, A.J.;VVD;0;131379;462060;52.14622;5.04211;132100;461987;52.14622;5.04211;131371;462270;52.14560;5.52647;Maarssen;3
WS-HDSR2019;G1904;Stichtse Vecht;WK190401;Maarssen;BU19040115;Zeeheldenbuurt;0333100000013689;Basisschool de Klaroen;van Baaren, J.;VVD;0;131379;462060;52.14622;5.04211;132100;461987;52.14622;5.04211;131371;462270;52.14560;5.52647;Maarssen;3
WS-HDSR2019;G1904;Stichtse Vecht;WK190401;Maarssen;BU19040115;Zeeheldenbuurt;0333100000013689;Basisschool de Klaroen;Kapper, S.R.;VVD;0;131379;462060;52.14622;5.04211;132100;461987;52.14622;5.04211;131371;462270;52.14560;5.52647;Maarssen;3
WS-HDSR2019;G1904;Stichtse Vecht;WK190401;Maarssen;BU19040115;Zeeheldenbuurt;0333100000013689;Basisschool de Klaroen;Michielsen, P.F.M.;VVD;0;131379;462060;52.14622;5.04211;132100;461987;52.14622;5.04211;131371;462270;52.14560;5.52647;Maarssen;3
WS-HDSR2019;G1904;Stichtse Vecht;WK190401;Maarssen;BU19040115;Zeeheldenbuurt;0333100000013689;Basisschool de Klaroen;Trapman, E.G.J.H.;VVD;0;131379;462060;52.14622;5.04211;132100;461987;52.14622;5.04211;131371;462270;52.14560;5.52647;Maarssen;3
WS-HDSR2019;G1904;Stichtse Vecht;WK190401;Maarssen;BU19040115;Zeeheldenbuurt;0333100000013689;Basisschool de Klaroen;de Jong, B.;CDA;0;131379;462060;52.14622;5.04211;132100;461987;52.14622;5.04211;131371;462270;52.14560;5.52647;Maarssen;3
WS-HDSR2019;G1904;Stichtse Vecht;WK190401;Maarssen;BU19040115;Zeeheldenbuurt;0333100000013689;Basisschool de Klaroen;Sommer-de Vries, K.H.;CDA;0;131379;462060;52.14622;5.04211;132100;461987;52.14622;5.04211;131371;462270;52.14560;5.52647;Maarssen;3
WS-HDSR2019;G1904;Stichtse Vecht;WK190401;Maarssen;BU19040115;Zeeheldenbuurt;0333100000013689;Basisschool de Klaroen;Droogers, J.A.G.W.;CDA;0;131379;462060;52.14622;5.04211;132100;461987;52.14622;5.04211;131371;462270;52.14560;5.52647;Maarssen;3
WS-HDSR2019;G1904;Stichtse Vecht;WK190401;Maarssen;BU19040115;Zeeheldenbuurt;0333100000013689;Basisschool de Klaroen;Bakker, P.J.I.;CDA;0;131379;462060;52.14622;5.04211;132100;461987;52.14622;5.04211;131371;462270;52.14560;5.52647;Maarssen;3
WS-HDSR2019;G1904;Stichtse Vecht;WK190401;Maarssen;BU19040115;Zeeheldenbuurt;0333100000013689;Basisschool de Klaroen;de Roos, T.L.;CDA;0;131379;462060;52.14622;5.04211;132100;461987;52.14622;5.04211;131371;462270;52.14560;5.52647;Maarssen;3
WS-HDSR2019;G1904;Stichtse Vecht;WK190401;Maarssen;BU19040115;Zeeheldenbuurt;0333100000013689;Basisschool de Klaroen;Roorda, F.A.;CDA;0;131379;462060;52.14622;5.04211;132100;461987;52.14622;5.04211;131371;462270;52.14560;5.52647;Maarssen;3
WS-HDSR2019;G1904;Stichtse Vecht;WK190401;Maarssen;BU19040115;Zeeheldenbuurt;0333100000013689;Basisschool de Klaroen;Adriani-Wempe, H.J.;CDA;0;131379;462060;52.14622;5.04211;132100;461987;52.14622;5.04211;131371;462270;52.14560;5.52647;Maarssen;3
WS-HDSR2019;G1904;Stichtse Vecht;WK190401;Maarssen;BU19040115;Zeeheldenbuurt;0333100000013689;Basisschool de Klaroen;Verbij, A.L.G.;CDA;0;131379;462060;52.14622;5.04211;132100;461987;52.14622;5.04211;131371;462270;52.14560;5.52647;Maarssen;3
WS-HDSR2019;G1904;Stichtse Vecht;WK190401;Maarssen;BU19040115;Zeeheldenbuurt;0333100000013689;Basisschool de Klaroen;van Arendonk, L.A.A.M.;CDA;0;131379;462060;52.14622;5.04211;132100;461987;52.14622;5.04211;131371;462270;52.14560;5.52647;Maarssen;3
WS-HDSR2019;G1904;Stichtse Vecht;WK190401;Maarssen;BU19040115;Zeeheldenbuurt;0333100000013689;Basisschool de Klaroen;van Petersen, H.G.J.;CDA;1;131379;462060;52.14622;5.04211;132100;461987;52.14622;5.04211;131371;462270;52.14560;5.52647;Maarssen;3
WS-HDSR2019;G1904;Stichtse Vecht;WK190401;Maarssen;BU19040115;Zeeheldenbuurt;0333100000013689;Basisschool de Klaroen;Vinkenburg, J.H.W.M.;CDA;0;131379;462060;52.14622;5.04211;132100;461987;52.14622;5.04211;131371;462270;52.14560;5.52647;Maarssen;3
WS-HDSR2019;G1904;Stichtse Vecht;WK190401;Maarssen;BU19040115;Zeeheldenbuurt;0333100000013689;Basisschool de Klaroen;van der Spek, W.J.;CDA;0;131379;462060;52.14622;5.04211;132100;461987;52.14622;5.04211;131371;462270;52.14560;5.52647;Maarssen;3
WS-HDSR2019;G1904;Stichtse Vecht;WK190401;Maarssen;BU19040115;Zeeheldenbuurt;0333100000013689;Basisschool de Klaroen;de Regt, A.M.;CDA;0;131379;462060;52.14622;5.04211;132100;461987;52.14622;5.04211;131371;462270;52.14560;5.52647;Maarssen;3
WS-HDSR2019;G1904;Stichtse Vecht;WK190401;Maarssen;BU19040115;Zeeheldenbuurt;0333100000013689;Basisschool de Klaroen;Overbeek, K.B.J.;CDA;0;131379;462060;52.14622;5.04211;132100;461987;52.14622;5.04211;131371;462270;52.14560;5.52647;Maarssen;3
WS-HDSR2019;G1904;Stichtse Vecht;WK190401;Maarssen;BU19040115;Zeeheldenbuurt;0333100000013689;Basisschool de Klaroen;Jonkers, C.A.;CDA;0;131379;462060;52.14622;5.04211;132100;461987;52.14622;5.04211;131371;462270;52.14560;5.52647;Maarssen;3
WS-HDSR2019;G1904;Stichtse Vecht;WK190401;Maarssen;BU19040115;Zeeheldenbuurt;0333100000013689;Basisschool de Klaroen;Bunnik, R.P.;CDA;0;131379;462060;52.14622;5.04211;132100;461987;52.14622;5.04211;131371;462270;52.14560;5.52647;Maarssen;3
WS-HDSR2019;G1904;Stichtse Vecht;WK190401;Maarssen;BU19040115;Zeeheldenbuurt;0333100000013689;Basisschool de Klaroen;van der Honing, H.;CDA;0;131379;462060;52.14622;5.04211;132100;461987;52.14622;5.04211;131371;462270;52.14560;5.52647;Maarssen;3
WS-HDSR2019;G1904;Stichtse Vecht;WK190401;Maarssen;BU19040115;Zeeheldenbuurt;0333100000013689;Basisschool de Klaroen;Keestra, J.M.;CDA;0;131379;462060;52.14622;5.04211;132100;461987;52.14622;5.04211;131371;462270;52.14560;5.52647;Maarssen;3
WS-HDSR2019;G1904;Stichtse Vecht;WK190401;Maarssen;BU19040115;Zeeheldenbuurt;0333100000013689;Basisschool de Klaroen;van Wijk, W.A.M.;CDA;0;131379;462060;52.14622;5.04211;132100;461987;52.14622;5.04211;131371;462270;52.14560;5.52647;Maarssen;3
WS-HDSR2019;G1904;Stichtse Vecht;WK190401;Maarssen;BU19040115;Zeeheldenbuurt;0333100000013689;Basisschool de Klaroen;Vernie, L.N.;CDA;0;131379;462060;52.14622;5.04211;132100;461987;52.14622;5.04211;131371;462270;52.14560;5.52647;Maarssen;3
WS-HDSR2019;G1904;Stichtse Vecht;WK190401;Maarssen;BU19040115;Zeeheldenbuurt;0333100000013689;Basisschool de Klaroen;Tiggeloven, A.B.M.;CDA;0;131379;462060;52.14622;5.04211;132100;461987;52.14622;5.04211;131371;462270;52.14560;5.52647;Maarssen;3
WS-HDSR2019;G1904;Stichtse Vecht;WK190401;Maarssen;BU19040115;Zeeheldenbuurt;0333100000013689;Basisschool de Klaroen;Muijs, A.J.A.;CDA;0;131379;462060;52.14622;5.04211;132100;461987;52.14622;5.04211;131371;462270;52.14560;5.52647;Maarssen;3
WS-HDSR2019;G1904;Stichtse Vecht;WK190401;Maarssen;BU19040115;Zeeheldenbuurt;0333100000013689;Basisschool de Klaroen;van Kippersluis, F.P.;CDA;0;131379;462060;52.14622;5.04211;132100;461987;52.14622;5.04211;131371;462270;52.14560;5.52647;Maarssen;3
WS-HDSR2019;G1904;Stichtse Vecht;WK190401;Maarssen;BU19040115;Zeeheldenbuurt;0333100000013689;Basisschool de Klaroen;Migchels, G.;CDA;0;131379;462060;52.14622;5.04211;132100;461987;52.14622;5.04211;131371;462270;52.14560;5.52647;Maarssen;3
WS-HDSR2019;G1904;Stichtse Vecht;WK190401;Maarssen;BU19040115;Zeeheldenbuurt;0333100000013689;Basisschool de Klaroen;Baars, J.G.;CDA;0;131379;462060;52.14622;5.04211;132100;461987;52.14622;5.04211;131371;462270;52.14560;5.52647;Maarssen;3
WS-HDSR2019;G1904;Stichtse Vecht;WK190401;Maarssen;BU19040115;Zeeheldenbuurt;0333100000013689;Basisschool de Klaroen;Blom-Oosterhoff, R.C.;CDA;0;131379;462060;52.14622;5.04211;132100;461987;52.14622;5.04211;131371;462270;52.14560;5.52647;Maarssen;3
WS-HDSR2019;G1904;Stichtse Vecht;WK190401;Maarssen;BU19040115;Zeeheldenbuurt;0333100000013689;Basisschool de Klaroen;Jansen op de Haar, C.G.;Partij van de Arbeid (P.v.d.A.);0;131379;462060;52.14622;5.04211;132100;461987;52.14622;5.04211;131371;462270;52.14560;5.52647;Maarssen;3
WS-HDSR2019;G1904;Stichtse Vecht;WK190401;Maarssen;BU19040115;Zeeheldenbuurt;0333100000013689;Basisschool de Klaroen;van Zoelen, N.M.;Partij van de Arbeid (P.v.d.A.);0;131379;462060;52.14622;5.04211;132100;461987;52.14622;5.04211;131371;462270;52.14560;5.52647;Maarssen;3
WS-HDSR2019;G1904;Stichtse Vecht;WK190401;Maarssen;BU19040115;Zeeheldenbuurt;0333100000013689;Basisschool de Klaroen;van Bork, F.J.;Partij van de Arbeid (P.v.d.A.);0;131379;462060;52.14622;5.04211;132100;461987;52.14622;5.04211;131371;462270;52.14560;5.52647;Maarssen;3
WS-HDSR2019;G1904;Stichtse Vecht;WK190401;Maarssen;BU19040115;Zeeheldenbuurt;0333100000013689;Basisschool de Klaroen;Heesen, W.A.;Partij van de Arbeid (P.v.d.A.);0;131379;462060;52.14622;5.04211;132100;461987;52.14622;5.04211;131371;462270;52.14560;5.52647;Maarssen;3
WS-HDSR2019;G1904;Stichtse Vecht;WK190401;Maarssen;BU19040115;Zeeheldenbuurt;0333100000013689;Basisschool de Klaroen;Reerink, J.G.M.;Partij van de Arbeid (P.v.d.A.);0;131379;462060;52.14622;5.04211;132100;461987;52.14622;5.04211;131371;462270;52.14560;5.52647;Maarssen;3
WS-HDSR2019;G1904;Stichtse Vecht;WK190401;Maarssen;BU19040115;Zeeheldenbuurt;0333100000013689;Basisschool de Klaroen;Mulder, G.G.J.;Partij van de Arbeid (P.v.d.A.);0;131379;462060;52.14622;5.04211;132100;461987;52.14622;5.04211;131371;462270;52.14560;5.52647;Maarssen;3
WS-HDSR2019;G1904;Stichtse Vecht;WK190401;Maarssen;BU19040115;Zeeheldenbuurt;0333100000013689;Basisschool de Klaroen;Steen, J.H.;Partij van de Arbeid (P.v.d.A.);0;131379;462060;52.14622;5.04211;132100;461987;52.14622;5.04211;131371;462270;52.14560;5.52647;Maarssen;3
WS-HDSR2019;G1904;Stichtse Vecht;WK190401;Maarssen;BU19040115;Zeeheldenbuurt;0333100000013689;Basisschool de Klaroen;Jeddaoui, S.;Partij van de Arbeid (P.v.d.A.);0;131379;462060;52.14622;5.04211;132100;461987;52.14622;5.04211;131371;462270;52.14560;5.52647;Maarssen;3
WS-HDSR2019;G1904;Stichtse Vecht;WK190401;Maarssen;BU19040115;Zeeheldenbuurt;0333100000013689;Basisschool de Klaroen;Meijerink, M.S.J.;Partij van de Arbeid (P.v.d.A.);0;131379;462060;52.14622;5.04211;132100;461987;52.14622;5.04211;131371;462270;52.14560;5.52647;Maarssen;3
WS-HDSR2019;G1904;Stichtse Vecht;WK190401;Maarssen;BU19040115;Zeeheldenbuurt;0333100000013689;Basisschool de Klaroen;Dubbink, J.;Partij van de Arbeid (P.v.d.A.);0;131379;462060;52.14622;5.04211;132100;461987;52.14622;5.04211;131371;462270;52.14560;5.52647;Maarssen;3
WS-HDSR2019;G1904;Stichtse Vecht;WK190401;Maarssen;BU19040115;Zeeheldenbuurt;0333100000013689;Basisschool de Klaroen;Kaas, D.;Partij van de Arbeid (P.v.d.A.);0;131379;462060;52.14622;5.04211;132100;461987;52.14622;5.04211;131371;462270;52.14560;5.52647;Maarssen;3
WS-HDSR2019;G1904;Stichtse Vecht;WK190401;Maarssen;BU19040115;Zeeheldenbuurt;0333100000013689;Basisschool de Klaroen;van Dijk, M.J.;Partij van de Arbeid (P.v.d.A.);0;131379;462060;52.14622;5.04211;132100;461987;52.14622;5.04211;131371;462270;52.14560;5.52647;Maarssen;3
WS-HDSR2019;G1904;Stichtse Vecht;WK190401;Maarssen;BU19040115;Zeeheldenbuurt;0333100000013689;Basisschool de Klaroen;Boer, A.;Partij van de Arbeid (P.v.d.A.);0;131379;462060;52.14622;5.04211;132100;461987;52.14622;5.04211;131371;462270;52.14560;5.52647;Maarssen;3
WS-HDSR2019;G1904;Stichtse Vecht;WK190401;Maarssen;BU19040115;Zeeheldenbuurt;0333100000013689;Basisschool de Klaroen;Dibi, B.;Partij van de Arbeid (P.v.d.A.);0;131379;462060;52.14622;5.04211;132100;461987;52.14622;5.04211;131371;462270;52.14560;5.52647;Maarssen;3
WS-HDSR2019;G1904;Stichtse Vecht;WK190401;Maarssen;BU19040115;Zeeheldenbuurt;0333100000013689;Basisschool de Klaroen;van Hoof-Ward, M.;Partij van de Arbeid (P.v.d.A.);0;131379;462060;52.14622;5.04211;132100;461987;52.14622;5.04211;131371;462270;52.14560;5.52647;Maarssen;3
WS-HDSR2019;G1904;Stichtse Vecht;WK190401;Maarssen;BU19040115;Zeeheldenbuurt;0333100000013689;Basisschool de Klaroen;van Alfen, I.H.;Partij van de Arbeid (P.v.d.A.);0;131379;462060;52.14622;5.04211;132100;461987;52.14622;5.04211;131371;462270;52.14560;5.52647;Maarssen;3
WS-HDSR2019;G1904;Stichtse Vecht;WK190401;Maarssen;BU19040115;Zeeheldenbuurt;0333100000013689;Basisschool de Klaroen;Vellekoop, L.E.C.;Partij van de Arbeid (P.v.d.A.);0;131379;462060;52.14622;5.04211;132100;461987;52.14622;5.04211;131371;462270;52.14560;5.52647;Maarssen;3
WS-HDSR2019;G1904;Stichtse Vecht;WK190401;Maarssen;BU19040115;Zeeheldenbuurt;0333100000013689;Basisschool de Klaroen;Travaille, A.;Partij voor de Dieren;2;131379;462060;52.14622;5.04211;132100;461987;52.14622;5.04211;131371;462270;52.14560;5.52647;Maarssen;3
WS-HDSR2019;G1904;Stichtse Vecht;WK190401;Maarssen;BU19040115;Zeeheldenbuurt;0333100000013689;Basisschool de Klaroen;van der Steeg, W.;Partij voor de Dieren;0;131379;462060;52.14622;5.04211;132100;461987;52.14622;5.04211;131371;462270;52.14560;5.52647;Maarssen;3
WS-HDSR2019;G1904;Stichtse Vecht;WK190401;Maarssen;BU19040115;Zeeheldenbuurt;0333100000013689;Basisschool de Klaroen;van der Kruk, R.;Partij voor de Dieren;0;131379;462060;52.14622;5.04211;132100;461987;52.14622;5.04211;131371;462270;52.14560;5.52647;Maarssen;3
WS-HDSR2019;G1904;Stichtse Vecht;WK190401;Maarssen;BU19040115;Zeeheldenbuurt;0333100000013689;Basisschool de Klaroen;Dam, F.;Partij voor de Dieren;0;131379;462060;52.14622;5.04211;132100;461987;52.14622;5.04211;131371;462270;52.14560;5.52647;Maarssen;3
WS-HDSR2019;G1904;Stichtse Vecht;WK190401;Maarssen;BU19040115;Zeeheldenbuurt;0333100000013689;Basisschool de Klaroen;Hendriks, M.A.;Partij voor de Dieren;0;131379;462060;52.14622;5.04211;132100;461987;52.14622;5.04211;131371;462270;52.14560;5.52647;Maarssen;3
WS-HDSR2019;G1904;Stichtse Vecht;WK190401;Maarssen;BU19040115;Zeeheldenbuurt;0333100000013689;Basisschool de Klaroen;Korteweg, E.I.;Partij voor de Dieren;0;131379;462060;52.14622;5.04211;132100;461987;52.14622;5.04211;131371;462270;52.14560;5.52647;Maarssen;3
WS-HDSR2019;G1904;Stichtse Vecht;WK190401;Maarssen;BU19040115;Zeeheldenbuurt;0333100000013689;Basisschool de Klaroen;Verkleij-Torenbeek, C.;Partij voor de Dieren;0;131379;462060;52.14622;5.04211;132100;461987;52.14622;5.04211;131371;462270;52.14560;5.52647;Maarssen;3
WS-HDSR2019;G1904;Stichtse Vecht;WK190401;Maarssen;BU19040115;Zeeheldenbuurt;0333100000013689;Basisschool de Klaroen;Oskam, S.W.;Partij voor de Dieren;0;131379;462060;52.14622;5.04211;132100;461987;52.14622;5.04211;131371;462270;52.14560;5.52647;Maarssen;3
WS-HDSR2019;G1904;Stichtse Vecht;WK190401;Maarssen;BU19040115;Zeeheldenbuurt;0333100000013689;Basisschool de Klaroen;Bodewitz, W.A.;Partij voor de Dieren;0;131379;462060;52.14622;5.04211;132100;461987;52.14622;5.04211;131371;462270;52.14560;5.52647;Maarssen;3
WS-HDSR2019;G1904;Stichtse Vecht;WK190401;Maarssen;BU19040115;Zeeheldenbuurt;0333100000013689;Basisschool de Klaroen;Verkaik, E.;Waterschap@inwonersbelangen;0;131379;462060;52.14622;5.04211;132100;461987;52.14622;5.04211;131371;462270;52.14560;5.52647;Maarssen;3
WS-HDSR2019;G1904;Stichtse Vecht;WK190401;Maarssen;BU19040115;Zeeheldenbuurt;0333100000013689;Basisschool de Klaroen;Ketting, H.B.G.;Waterschap@inwonersbelangen;0;131379;462060;52.14622;5.04211;132100;461987;52.14622;5.04211;131371;462270;52.14560;5.52647;Maarssen;3
WS-HDSR2019;G1904;Stichtse Vecht;WK190401;Maarssen;BU19040115;Zeeheldenbuurt;0333100000013689;Basisschool de Klaroen;Haaxma, A.;Waterschap@inwonersbelangen;0;131379;462060;52.14622;5.04211;132100;461987;52.14622;5.04211;131371;462270;52.14560;5.52647;Maarssen;3
WS-HDSR2019;G1904;Stichtse Vecht;WK190401;Maarssen;BU19040115;Zeeheldenbuurt;0333100000013689;Basisschool de Klaroen;Zandbergen, G.;Waterschap@inwonersbelangen;0;131379;462060;52.14622;5.04211;132100;461987;52.14622;5.04211;131371;462270;52.14560;5.52647;Maarssen;3
WS-HDSR2019;G1904;Stichtse Vecht;WK190401;Maarssen;BU19040115;Zeeheldenbuurt;0333100000013689;Basisschool de Klaroen;van Leeuwen-van der Horst, L.P.T.;Waterschap@inwonersbelangen;0;131379;462060;52.14622;5.04211;132100;461987;52.14622;5.04211;131371;462270;52.14560;5.52647;Maarssen;3
WS-HDSR2019;G1904;Stichtse Vecht;WK190401;Maarssen;BU19040115;Zeeheldenbuurt;0333100000013689;Basisschool de Klaroen;van der Does, J.C.;Waterschap@inwonersbelangen;0;131379;462060;52.14622;5.04211;132100;461987;52.14622;5.04211;131371;462270;52.14560;5.52647;Maarssen;3
WS-HDSR2019;G1904;Stichtse Vecht;WK190401;Maarssen;BU19040115;Zeeheldenbuurt;0333100000013689;Basisschool de Klaroen;van Niel, D.A.;Waterschap@inwonersbelangen;0;131379;462060;52.14622;5.04211;132100;461987;52.14622;5.04211;131371;462270;52.14560;5.52647;Maarssen;3
WS-HDSR2019;G1904;Stichtse Vecht;WK190401;Maarssen;BU19040115;Zeeheldenbuurt;0333100000013689;Basisschool de Klaroen;Borst-Kruithof, K.;Waterschap@inwonersbelangen;0;131379;462060;52.14622;5.04211;132100;461987;52.14622;5.04211;131371;462270;52.14560;5.52647;Maarssen;3
WS-HDSR2019;G1904;Stichtse Vecht;WK190401;Maarssen;BU19040115;Zeeheldenbuurt;0333100000013689;Basisschool de Klaroen;Voorendt, T.C.M.;Waterschap@inwonersbelangen;0;131379;462060;52.14622;5.04211;132100;461987;52.14622;5.04211;131371;462270;52.14560;5.52647;Maarssen;3
WS-HDSR2019;G1904;Stichtse Vecht;WK190401;Maarssen;BU19040115;Zeeheldenbuurt;0333100000013689;Basisschool de Klaroen;de With, F.;Waterschap@inwonersbelangen;0;131379;462060;52.14622;5.04211;132100;461987;52.14622;5.04211;131371;462270;52.14560;5.52647;Maarssen;3
WS-HDSR2019;G1904;Stichtse Vecht;WK190401;Maarssen;BU19040115;Zeeheldenbuurt;0333100000013689;Basisschool de Klaroen;Boer, W.J.;Waterschap@inwonersbelangen;0;131379;462060;52.14622;5.04211;132100;461987;52.14622;5.04211;131371;462270;52.14560;5.52647;Maarssen;3
WS-HDSR2019;G1904;Stichtse Vecht;WK190401;Maarssen;BU19040115;Zeeheldenbuurt;0333100000013689;Basisschool de Klaroen;Verkaik, L.J.C.;Waterschap@inwonersbelangen;0;131379;462060;52.14622;5.04211;132100;461987;52.14622;5.04211;131371;462270;52.14560;5.52647;Maarssen;3
WS-HDSR2019;G1904;Stichtse Vecht;WK190401;Maarssen;BU19040115;Zeeheldenbuurt;0333100000013689;Basisschool de Klaroen;Streekstra, S.;Waterschap@inwonersbelangen;0;131379;462060;52.14622;5.04211;132100;461987;52.14622;5.04211;131371;462270;52.14560;5.52647;Maarssen;3
WS-HDSR2019;G1904;Stichtse Vecht;WK190401;Maarssen;BU19040115;Zeeheldenbuurt;0333100000013689;Basisschool de Klaroen;van Kranenburg, C.J.;ChristenUnie;0;131379;462060;52.14622;5.04211;132100;461987;52.14622;5.04211;131371;462270;52.14560;5.52647;Maarssen;3
WS-HDSR2019;G1904;Stichtse Vecht;WK190401;Maarssen;BU19040115;Zeeheldenbuurt;0333100000013689;Basisschool de Klaroen;van de Belt, D.;ChristenUnie;0;131379;462060;52.14622;5.04211;132100;461987;52.14622;5.04211;131371;462270;52.14560;5.52647;Maarssen;3
WS-HDSR2019;G1904;Stichtse Vecht;WK190401;Maarssen;BU19040115;Zeeheldenbuurt;0333100000013689;Basisschool de Klaroen;Pleijsier, C.S.;ChristenUnie;0;131379;462060;52.14622;5.04211;132100;461987;52.14622;5.04211;131371;462270;52.14560;5.52647;Maarssen;3
WS-HDSR2019;G1904;Stichtse Vecht;WK190401;Maarssen;BU19040115;Zeeheldenbuurt;0333100000013689;Basisschool de Klaroen;Zeef, P.H.H.;ChristenUnie;0;131379;462060;52.14622;5.04211;132100;461987;52.14622;5.04211;131371;462270;52.14560;5.52647;Maarssen;3
WS-HDSR2019;G1904;Stichtse Vecht;WK190401;Maarssen;BU19040115;Zeeheldenbuurt;0333100000013689;Basisschool de Klaroen;Voortman, D.G.J.;ChristenUnie;0;131379;462060;52.14622;5.04211;132100;461987;52.14622;5.04211;131371;462270;52.14560;5.52647;Maarssen;3
WS-HDSR2019;G1904;Stichtse Vecht;WK190401;Maarssen;BU19040115;Zeeheldenbuurt;0333100000013689;Basisschool de Klaroen;Snoek, H.C.;ChristenUnie;0;131379;462060;52.14622;5.04211;132100;461987;52.14622;5.04211;131371;462270;52.14560;5.52647;Maarssen;3
WS-HDSR2019;G1904;Stichtse Vecht;WK190401;Maarssen;BU19040115;Zeeheldenbuurt;0333100000013689;Basisschool de Klaroen;van der Grift, C.M.;ChristenUnie;0;131379;462060;52.14622;5.04211;132100;461987;52.14622;5.04211;131371;462270;52.14560;5.52647;Maarssen;3
WS-HDSR2019;G1904;Stichtse Vecht;WK190401;Maarssen;BU19040115;Zeeheldenbuurt;0333100000013689;Basisschool de Klaroen;Reinders, M.J.;ChristenUnie;0;131379;462060;52.14622;5.04211;132100;461987;52.14622;5.04211;131371;462270;52.14560;5.52647;Maarssen;3
WS-HDSR2019;G1904;Stichtse Vecht;WK190401;Maarssen;BU19040115;Zeeheldenbuurt;0333100000013689;Basisschool de Klaroen;Benders-Molenaar, M.;ChristenUnie;0;131379;462060;52.14622;5.04211;132100;461987;52.14622;5.04211;131371;462270;52.14560;5.52647;Maarssen;3
WS-HDSR2019;G1904;Stichtse Vecht;WK190401;Maarssen;BU19040115;Zeeheldenbuurt;0333100000013689;Basisschool de Klaroen;van Wijnen, D.A.;ChristenUnie;0;131379;462060;52.14622;5.04211;132100;461987;52.14622;5.04211;131371;462270;52.14560;5.52647;Maarssen;3
WS-HDSR2019;G1904;Stichtse Vecht;WK190401;Maarssen;BU19040115;Zeeheldenbuurt;0333100000013689;Basisschool de Klaroen;Voorberg, C.Z.;ChristenUnie;0;131379;462060;52.14622;5.04211;132100;461987;52.14622;5.04211;131371;462270;52.14560;5.52647;Maarssen;3
WS-HDSR2019;G1904;Stichtse Vecht;WK190401;Maarssen;BU19040115;Zeeheldenbuurt;0333100000013689;Basisschool de Klaroen;Roetman, I.C.;ChristenUnie;0;131379;462060;52.14622;5.04211;132100;461987;52.14622;5.04211;131371;462270;52.14560;5.52647;Maarssen;3
WS-HDSR2019;G1904;Stichtse Vecht;WK190401;Maarssen;BU19040115;Zeeheldenbuurt;0333100000013689;Basisschool de Klaroen;Wentink, A.G.;ChristenUnie;0;131379;462060;52.14622;5.04211;132100;461987;52.14622;5.04211;131371;462270;52.14560;5.52647;Maarssen;3
WS-HDSR2019;G1904;Stichtse Vecht;WK190401;Maarssen;BU19040115;Zeeheldenbuurt;0333100000013689;Basisschool de Klaroen;Pape-van Genderen, C.A.;ChristenUnie;0;131379;462060;52.14622;5.04211;132100;461987;52.14622;5.04211;131371;462270;52.14560;5.52647;Maarssen;3
WS-HDSR2019;G1904;Stichtse Vecht;WK190401;Maarssen;BU19040115;Zeeheldenbuurt;0333100000013689;Basisschool de Klaroen;Taute, G.;ChristenUnie;0;131379;462060;52.14622;5.04211;132100;461987;52.14622;5.04211;131371;462270;52.14560;5.52647;Maarssen;3
WS-HDSR2019;G1904;Stichtse Vecht;WK190401;Maarssen;BU19040115;Zeeheldenbuurt;0333100000013689;Basisschool de Klaroen;Meijer, J.H.;ChristenUnie;0;131379;462060;52.14622;5.04211;132100;461987;52.14622;5.04211;131371;462270;52.14560;5.52647;Maarssen;3
WS-HDSR2019;G1904;Stichtse Vecht;WK190401;Maarssen;BU19040115;Zeeheldenbuurt;0333100000013689;Basisschool de Klaroen;van Dalen-van Hierden, B.;ChristenUnie;0;131379;462060;52.14622;5.04211;132100;461987;52.14622;5.04211;131371;462270;52.14560;5.52647;Maarssen;3
WS-HDSR2019;G1904;Stichtse Vecht;WK190401;Maarssen;BU19040115;Zeeheldenbuurt;0333100000013689;Basisschool de Klaroen;van der Ven, A.;ChristenUnie;0;131379;462060;52.14622;5.04211;132100;461987;52.14622;5.04211;131371;462270;52.14560;5.52647;Maarssen;3
WS-HDSR2019;G1904;Stichtse Vecht;WK190401;Maarssen;BU19040115;Zeeheldenbuurt;0333100000013689;Basisschool de Klaroen;van Utrecht, D.;ChristenUnie;0;131379;462060;52.14622;5.04211;132100;461987;52.14622;5.04211;131371;462270;52.14560;5.52647;Maarssen;3
WS-HDSR2019;G1904;Stichtse Vecht;WK190401;Maarssen;BU19040115;Zeeheldenbuurt;0333100000013689;Basisschool de Klaroen;Lont, B.C.;ChristenUnie;0;131379;462060;52.14622;5.04211;132100;461987;52.14622;5.04211;131371;462270;52.14560;5.52647;Maarssen;3
WS-HDSR2019;G1904;Stichtse Vecht;WK190401;Maarssen;BU19040115;Zeeheldenbuurt;0333100000013689;Basisschool de Klaroen;Bos, P.W.;ChristenUnie;1;131379;462060;52.14622;5.04211;132100;461987;52.14622;5.04211;131371;462270;52.14560;5.52647;Maarssen;3
WS-HDSR2019;G1904;Stichtse Vecht;WK190401;Maarssen;BU19040115;Zeeheldenbuurt;0333100000013689;Basisschool de Klaroen;Kool, A.;ChristenUnie;0;131379;462060;52.14622;5.04211;132100;461987;52.14622;5.04211;131371;462270;52.14560;5.52647;Maarssen;3
WS-HDSR2019;G1904;Stichtse Vecht;WK190401;Maarssen;BU19040115;Zeeheldenbuurt;0333100000013689;Basisschool de Klaroen;Schaddelee, A.J.;ChristenUnie;0;131379;462060;52.14622;5.04211;132100;461987;52.14622;5.04211;131371;462270;52.14560;5.52647;Maarssen;3
WS-HDSR2019;G1904;Stichtse Vecht;WK190401;Maarssen;BU19040115;Zeeheldenbuurt;0333100000013689;Basisschool de Klaroen;Dieperink, C.;AWP niet politiek, wel deskundig;0;131379;462060;52.14622;5.04211;132100;461987;52.14622;5.04211;131371;462270;52.14560;5.52647;Maarssen;3
WS-HDSR2019;G1904;Stichtse Vecht;WK190401;Maarssen;BU19040115;Zeeheldenbuurt;0333100000013689;Basisschool de Klaroen;Verweij, J.P.;AWP niet politiek, wel deskundig;0;131379;462060;52.14622;5.04211;132100;461987;52.14622;5.04211;131371;462270;52.14560;5.52647;Maarssen;3
WS-HDSR2019;G1904;Stichtse Vecht;WK190401;Maarssen;BU19040115;Zeeheldenbuurt;0333100000013689;Basisschool de Klaroen;Moinier, S.;AWP niet politiek, wel deskundig;0;131379;462060;52.14622;5.04211;132100;461987;52.14622;5.04211;131371;462270;52.14560;5.52647;Maarssen;3
WS-HDSR2019;G1904;Stichtse Vecht;WK190401;Maarssen;BU19040115;Zeeheldenbuurt;0333100000013689;Basisschool de Klaroen;Heidema, A.;AWP niet politiek, wel deskundig;0;131379;462060;52.14622;5.04211;132100;461987;52.14622;5.04211;131371;462270;52.14560;5.52647;Maarssen;3
WS-HDSR2019;G1904;Stichtse Vecht;WK190401;Maarssen;BU19040115;Zeeheldenbuurt;0333100000013689;Basisschool de Klaroen;Keessen, A.M.;AWP niet politiek, wel deskundig;0;131379;462060;52.14622;5.04211;132100;461987;52.14622;5.04211;131371;462270;52.14560;5.52647;Maarssen;3
WS-HDSR2019;G1904;Stichtse Vecht;WK190401;Maarssen;BU19040115;Zeeheldenbuurt;0333100000013689;Basisschool de Klaroen;Moor, J.A.P.M.;AWP niet politiek, wel deskundig;0;131379;462060;52.14622;5.04211;132100;461987;52.14622;5.04211;131371;462270;52.14560;5.52647;Maarssen;3
WS-HDSR2019;G1904;Stichtse Vecht;WK190401;Maarssen;BU19040115;Zeeheldenbuurt;0333100000013689;Basisschool de Klaroen;de Leeuw-Bosch, E.;AWP niet politiek, wel deskundig;0;131379;462060;52.14622;5.04211;132100;461987;52.14622;5.04211;131371;462270;52.14560;5.52647;Maarssen;3
WS-HDSR2019;G1904;Stichtse Vecht;WK190401;Maarssen;BU19040115;Zeeheldenbuurt;0333100000013689;Basisschool de Klaroen;Koop, S.H.A.;AWP niet politiek, wel deskundig;0;131379;462060;52.14622;5.04211;132100;461987;52.14622;5.04211;131371;462270;52.14560;5.52647;Maarssen;3
WS-HDSR2019;G1904;Stichtse Vecht;WK190401;Maarssen;BU19040115;Zeeheldenbuurt;0333100000013689;Basisschool de Klaroen;Hiemstra, A.;AWP niet politiek, wel deskundig;0;131379;462060;52.14622;5.04211;132100;461987;52.14622;5.04211;131371;462270;52.14560;5.52647;Maarssen;3
WS-HDSR2019;G1904;Stichtse Vecht;WK190401;Maarssen;BU19040115;Zeeheldenbuurt;0333100000013689;Basisschool de Klaroen;van der Veen, B.J.;AWP niet politiek, wel deskundig;0;131379;462060;52.14622;5.04211;132100;461987;52.14622;5.04211;131371;462270;52.14560;5.52647;Maarssen;3
WS-HDSR2019;G1904;Stichtse Vecht;WK190401;Maarssen;BU19040115;Zeeheldenbuurt;0333100000013689;Basisschool de Klaroen;Gilissen, H.K.;AWP niet politiek, wel deskundig;0;131379;462060;52.14622;5.04211;132100;461987;52.14622;5.04211;131371;462270;52.14560;5.52647;Maarssen;3
WS-HDSR2019;G1904;Stichtse Vecht;WK190401;Maarssen;BU19040115;Zeeheldenbuurt;0333100000013689;Basisschool de Klaroen;van Leeuwen, C.J.;AWP niet politiek, wel deskundig;0;131379;462060;52.14622;5.04211;132100;461987;52.14622;5.04211;131371;462270;52.14560;5.52647;Maarssen;3
WS-HDSR2019;G1904;Stichtse Vecht;WK190401;Maarssen;BU19040115;Zeeheldenbuurt;0333100000013689;Basisschool de Klaroen;Jansen, A. E.;AWP niet politiek, wel deskundig;0;131379;462060;52.14622;5.04211;132100;461987;52.14622;5.04211;131371;462270;52.14560;5.52647;Maarssen;3
WS-HDSR2019;G1904;Stichtse Vecht;WK190401;Maarssen;BU19040115;Zeeheldenbuurt;0333100000013689;Basisschool de Klaroen;van Os, F.;Staatkundig Gereformeerde Partij (SGP);0;131379;462060;52.14622;5.04211;132100;461987;52.14622;5.04211;131371;462270;52.14560;5.52647;Maarssen;3
WS-HDSR2019;G1904;Stichtse Vecht;WK190401;Maarssen;BU19040115;Zeeheldenbuurt;0333100000013689;Basisschool de Klaroen;van Zetten, J.N.;Staatkundig Gereformeerde Partij (SGP);0;131379;462060;52.14622;5.04211;132100;461987;52.14622;5.04211;131371;462270;52.14560;5.52647;Maarssen;3
WS-HDSR2019;G1904;Stichtse Vecht;WK190401;Maarssen;BU19040115;Zeeheldenbuurt;0333100000013689;Basisschool de Klaroen;van der Wind, J.J.;Staatkundig Gereformeerde Partij (SGP);0;131379;462060;52.14622;5.04211;132100;461987;52.14622;5.04211;131371;462270;52.14560;5.52647;Maarssen;3
WS-HDSR2019;G1904;Stichtse Vecht;WK190401;Maarssen;BU19040115;Zeeheldenbuurt;0333100000013689;Basisschool de Klaroen;Verweij, K.C.;Staatkundig Gereformeerde Partij (SGP);0;131379;462060;52.14622;5.04211;132100;461987;52.14622;5.04211;131371;462270;52.14560;5.52647;Maarssen;3
WS-HDSR2019;G1904;Stichtse Vecht;WK190401;Maarssen;BU19040115;Zeeheldenbuurt;0333100000013689;Basisschool de Klaroen;van Leeuwen, G.;Staatkundig Gereformeerde Partij (SGP);0;131379;462060;52.14622;5.04211;132100;461987;52.14622;5.04211;131371;462270;52.14560;5.52647;Maarssen;3
WS-HDSR2019;G1904;Stichtse Vecht;WK190401;Maarssen;BU19040115;Zeeheldenbuurt;0333100000013689;Basisschool de Klaroen;de Groot, L.;Staatkundig Gereformeerde Partij (SGP);0;131379;462060;52.14622;5.04211;132100;461987;52.14622;5.04211;131371;462270;52.14560;5.52647;Maarssen;3
WS-HDSR2019;G1904;Stichtse Vecht;WK190401;Maarssen;BU19040115;Zeeheldenbuurt;0333100000013689;Basisschool de Klaroen;Boonzaaijer, G.;Staatkundig Gereformeerde Partij (SGP);0;131379;462060;52.14622;5.04211;132100;461987;52.14622;5.04211;131371;462270;52.14560;5.52647;Maarssen;3
WS-HDSR2019;G1904;Stichtse Vecht;WK190401;Maarssen;BU19040115;Zeeheldenbuurt;0333100000013689;Basisschool de Klaroen;Broere, J.;Staatkundig Gereformeerde Partij (SGP);0;131379;462060;52.14622;5.04211;132100;461987;52.14622;5.04211;131371;462270;52.14560;5.52647;Maarssen;3
WS-HDSR2019;G1904;Stichtse Vecht;WK190401;Maarssen;BU19040115;Zeeheldenbuurt;0333100000013689;Basisschool de Klaroen;Marchal, J.;Staatkundig Gereformeerde Partij (SGP);0;131379;462060;52.14622;5.04211;132100;461987;52.14622;5.04211;131371;462270;52.14560;5.52647;Maarssen;3
WS-HDSR2019;G1904;Stichtse Vecht;WK190401;Maarssen;BU19040115;Zeeheldenbuurt;0333100000013689;Basisschool de Klaroen;van Woudenberg, J.;Staatkundig Gereformeerde Partij (SGP);0;131379;462060;52.14622;5.04211;132100;461987;52.14622;5.04211;131371;462270;52.14560;5.52647;Maarssen;3
WS-HDSR2019;G1904;Stichtse Vecht;WK190401;Maarssen;BU19040115;Zeeheldenbuurt;0333100000013689;Basisschool de Klaroen;Verduijn, A.;Staatkundig Gereformeerde Partij (SGP);0;131379;462060;52.14622;5.04211;132100;461987;52.14622;5.04211;131371;462270;52.14560;5.52647;Maarssen;3
WS-HDSR2019;G1904;Stichtse Vecht;WK190401;Maarssen;BU19040115;Zeeheldenbuurt;0333100000013689;Basisschool de Klaroen;Rijneveld, C.;Staatkundig Gereformeerde Partij (SGP);0;131379;462060;52.14622;5.04211;132100;461987;52.14622;5.04211;131371;462270;52.14560;5.52647;Maarssen;3
WS-HDSR2019;G1904;Stichtse Vecht;WK190401;Maarssen;BU19040115;Zeeheldenbuurt;0333100000013689;Basisschool de Klaroen;Doornenbal, G.;Staatkundig Gereformeerde Partij (SGP);0;131379;462060;52.14622;5.04211;132100;461987;52.14622;5.04211;131371;462270;52.14560;5.52647;Maarssen;3
WS-HDSR2019;G1904;Stichtse Vecht;WK190401;Maarssen;BU19040115;Zeeheldenbuurt;0333100000013689;Basisschool de Klaroen;van Vulpen, C.;Staatkundig Gereformeerde Partij (SGP);0;131379;462060;52.14622;5.04211;132100;461987;52.14622;5.04211;131371;462270;52.14560;5.52647;Maarssen;3
WS-HDSR2019;G1904;Stichtse Vecht;WK190401;Maarssen;BU19040115;Zeeheldenbuurt;0333100000013689;Basisschool de Klaroen;Benschop, J.W.;Staatkundig Gereformeerde Partij (SGP);0;131379;462060;52.14622;5.04211;132100;461987;52.14622;5.04211;131371;462270;52.14560;5.52647;Maarssen;3
WS-HDSR2019;G1904;Stichtse Vecht;WK190401;Maarssen;BU19040115;Zeeheldenbuurt;0333100000013689;Basisschool de Klaroen;van den Hoek, R.P.J.J.;50PLUS;0;131379;462060;52.14622;5.04211;132100;461987;52.14622;5.04211;131371;462270;52.14560;5.52647;Maarssen;3
WS-HDSR2019;G1904;Stichtse Vecht;WK190401;Maarssen;BU19040115;Zeeheldenbuurt;0333100000013689;Basisschool de Klaroen;Schalkwijk, G.M.;50PLUS;0;131379;462060;52.14622;5.04211;132100;461987;52.14622;5.04211;131371;462270;52.14560;5.52647;Maarssen;3
WS-HDSR2019;G1904;Stichtse Vecht;WK190401;Maarssen;BU19040115;Zeeheldenbuurt;0333100000013689;Basisschool de Klaroen;de Mol, S.A.;50PLUS;0;131379;462060;52.14622;5.04211;132100;461987;52.14622;5.04211;131371;462270;52.14560;5.52647;Maarssen;3
WS-HDSR2019;G1904;Stichtse Vecht;WK190401;Maarssen;BU19040115;Zeeheldenbuurt;0333100000013689;Basisschool de Klaroen;Schifferling, J.H.;50PLUS;0;131379;462060;52.14622;5.04211;132100;461987;52.14622;5.04211;131371;462270;52.14560;5.52647;Maarssen;3
WS-HDSR2019;G1904;Stichtse Vecht;WK190401;Maarssen;BU19040115;Zeeheldenbuurt;0333100000013689;Basisschool de Klaroen;Cornelissen, M.P.J.;50PLUS;0;131379;462060;52.14622;5.04211;132100;461987;52.14622;5.04211;131371;462270;52.14560;5.52647;Maarssen;3
WS-HDSR2019;G1904;Stichtse Vecht;WK190401;Maarssen;BU19040115;Zeeheldenbuurt;0333100000013689;Basisschool de Klaroen;Postma, R.;50PLUS;0;131379;462060;52.14622;5.04211;132100;461987;52.14622;5.04211;131371;462270;52.14560;5.52647;Maarssen;3
WS-HDSR2019;G1904;Stichtse Vecht;WK190401;Maarssen;BU19040112;Schilderskwartier;0333100000019854;KBS De Pionier;Otterman, J.A.;Water Natuurlijk;1;131695;461473;52.14096;5.04677;132100;461987;52.14096;5.04677;131469;461697;52.14560;5.52647;Maarssen;4
WS-HDSR2019;G1904;Stichtse Vecht;WK190401;Maarssen;BU19040112;Schilderskwartier;0333100000019854;KBS De Pionier;Jansen, M.L.E.;Water Natuurlijk;0;131695;461473;52.14096;5.04677;132100;461987;52.14096;5.04677;131469;461697;52.14560;5.52647;Maarssen;4
WS-HDSR2019;G1904;Stichtse Vecht;WK190401;Maarssen;BU19040112;Schilderskwartier;0333100000019854;KBS De Pionier;van der Heijden, J.;Water Natuurlijk;0;131695;461473;52.14096;5.04677;132100;461987;52.14096;5.04677;131469;461697;52.14560;5.52647;Maarssen;4
WS-HDSR2019;G1904;Stichtse Vecht;WK190401;Maarssen;BU19040112;Schilderskwartier;0333100000019854;KBS De Pionier;Oskam, G.A.;Water Natuurlijk;0;131695;461473;52.14096;5.04677;132100;461987;52.14096;5.04677;131469;461697;52.14560;5.52647;Maarssen;4
WS-HDSR2019;G1904;Stichtse Vecht;WK190401;Maarssen;BU19040112;Schilderskwartier;0333100000019854;KBS De Pionier;van der Molen, D.T.;Water Natuurlijk;0;131695;461473;52.14096;5.04677;132100;461987;52.14096;5.04677;131469;461697;52.14560;5.52647;Maarssen;4
WS-HDSR2019;G1904;Stichtse Vecht;WK190401;Maarssen;BU19040112;Schilderskwartier;0333100000019854;KBS De Pionier;Dekker-Groen, A.M.;Water Natuurlijk;0;131695;461473;52.14096;5.04677;132100;461987;52.14096;5.04677;131469;461697;52.14560;5.52647;Maarssen;4
WS-HDSR2019;G1904;Stichtse Vecht;WK190401;Maarssen;BU19040112;Schilderskwartier;0333100000019854;KBS De Pionier;van Dam, H.A.;Water Natuurlijk;0;131695;461473;52.14096;5.04677;132100;461987;52.14096;5.04677;131469;461697;52.14560;5.52647;Maarssen;4
WS-HDSR2019;G1904;Stichtse Vecht;WK190401;Maarssen;BU19040112;Schilderskwartier;0333100000019854;KBS De Pionier;de Boer, R.A.;Water Natuurlijk;0;131695;461473;52.14096;5.04677;132100;461987;52.14096;5.04677;131469;461697;52.14560;5.52647;Maarssen;4
WS-HDSR2019;G1904;Stichtse Vecht;WK190401;Maarssen;BU19040112;Schilderskwartier;0333100000019854;KBS De Pionier;van Berckel, A.R.M.;Water Natuurlijk;0;131695;461473;52.14096;5.04677;132100;461987;52.14096;5.04677;131469;461697;52.14560;5.52647;Maarssen;4
WS-HDSR2019;G1904;Stichtse Vecht;WK190401;Maarssen;BU19040112;Schilderskwartier;0333100000019854;KBS De Pionier;ten Heuw, E.W.;Water Natuurlijk;0;131695;461473;52.14096;5.04677;132100;461987;52.14096;5.04677;131469;461697;52.14560;5.52647;Maarssen;4
WS-HDSR2019;G1904;Stichtse Vecht;WK190401;Maarssen;BU19040112;Schilderskwartier;0333100000019854;KBS De Pionier;van der Wal, R.L.;Water Natuurlijk;0;131695;461473;52.14096;5.04677;132100;461987;52.14096;5.04677;131469;461697;52.14560;5.52647;Maarssen;4
WS-HDSR2019;G1904;Stichtse Vecht;WK190401;Maarssen;BU19040112;Schilderskwartier;0333100000019854;KBS De Pionier;Kortekaas, M.L.;Water Natuurlijk;0;131695;461473;52.14096;5.04677;132100;461987;52.14096;5.04677;131469;461697;52.14560;5.52647;Maarssen;4
WS-HDSR2019;G1904;Stichtse Vecht;WK190401;Maarssen;BU19040112;Schilderskwartier;0333100000019854;KBS De Pionier;Boerkamp, J.G.;Water Natuurlijk;0;131695;461473;52.14096;5.04677;132100;461987;52.14096;5.04677;131469;461697;52.14560;5.52647;Maarssen;4
WS-HDSR2019;G1904;Stichtse Vecht;WK190401;Maarssen;BU19040112;Schilderskwartier;0333100000019854;KBS De Pionier;Nobel, A.C.;Water Natuurlijk;0;131695;461473;52.14096;5.04677;132100;461987;52.14096;5.04677;131469;461697;52.14560;5.52647;Maarssen;4
WS-HDSR2019;G1904;Stichtse Vecht;WK190401;Maarssen;BU19040112;Schilderskwartier;0333100000019854;KBS De Pionier;Kingma, J.H.;Water Natuurlijk;0;131695;461473;52.14096;5.04677;132100;461987;52.14096;5.04677;131469;461697;52.14560;5.52647;Maarssen;4
WS-HDSR2019;G1904;Stichtse Vecht;WK190401;Maarssen;BU19040112;Schilderskwartier;0333100000019854;KBS De Pionier;Aulich, K.M.;Water Natuurlijk;0;131695;461473;52.14096;5.04677;132100;461987;52.14096;5.04677;131469;461697;52.14560;5.52647;Maarssen;4
WS-HDSR2019;G1904;Stichtse Vecht;WK190401;Maarssen;BU19040112;Schilderskwartier;0333100000019854;KBS De Pionier;Veldboer, S.J.H.M.;Water Natuurlijk;0;131695;461473;52.14096;5.04677;132100;461987;52.14096;5.04677;131469;461697;52.14560;5.52647;Maarssen;4
WS-HDSR2019;G1904;Stichtse Vecht;WK190401;Maarssen;BU19040112;Schilderskwartier;0333100000019854;KBS De Pionier;Bijker, W.H.;Water Natuurlijk;1;131695;461473;52.14096;5.04677;132100;461987;52.14096;5.04677;131469;461697;52.14560;5.52647;Maarssen;4
WS-HDSR2019;G1904;Stichtse Vecht;WK190401;Maarssen;BU19040112;Schilderskwartier;0333100000019854;KBS De Pionier;Tigchelhoff, A.;Water Natuurlijk;0;131695;461473;52.14096;5.04677;132100;461987;52.14096;5.04677;131469;461697;52.14560;5.52647;Maarssen;4
WS-HDSR2019;G1904;Stichtse Vecht;WK190401;Maarssen;BU19040112;Schilderskwartier;0333100000019854;KBS De Pionier;Kloppenborg, J.F.M.;Water Natuurlijk;0;131695;461473;52.14096;5.04677;132100;461987;52.14096;5.04677;131469;461697;52.14560;5.52647;Maarssen;4
WS-HDSR2019;G1904;Stichtse Vecht;WK190401;Maarssen;BU19040112;Schilderskwartier;0333100000019854;KBS De Pionier;Goedvolk, P.A.M.;Water Natuurlijk;1;131695;461473;52.14096;5.04677;132100;461987;52.14096;5.04677;131469;461697;52.14560;5.52647;Maarssen;4
WS-HDSR2019;G1904;Stichtse Vecht;WK190401;Maarssen;BU19040112;Schilderskwartier;0333100000019854;KBS De Pionier;Ket, P.C.;Water Natuurlijk;1;131695;461473;52.14096;5.04677;132100;461987;52.14096;5.04677;131469;461697;52.14560;5.52647;Maarssen;4
WS-HDSR2019;G1904;Stichtse Vecht;WK190401;Maarssen;BU19040112;Schilderskwartier;0333100000019854;KBS De Pionier;Gnodde, M.W.J.;Water Natuurlijk;0;131695;461473;52.14096;5.04677;132100;461987;52.14096;5.04677;131469;461697;52.14560;5.52647;Maarssen;4
WS-HDSR2019;G1904;Stichtse Vecht;WK190401;Maarssen;BU19040112;Schilderskwartier;0333100000019854;KBS De Pionier;Zandvliet, H.C.A.;Water Natuurlijk;0;131695;461473;52.14096;5.04677;132100;461987;52.14096;5.04677;131469;461697;52.14560;5.52647;Maarssen;4
WS-HDSR2019;G1904;Stichtse Vecht;WK190401;Maarssen;BU19040112;Schilderskwartier;0333100000019854;KBS De Pionier;Karelse, J.J.H.G.D.;Water Natuurlijk;0;131695;461473;52.14096;5.04677;132100;461987;52.14096;5.04677;131469;461697;52.14560;5.52647;Maarssen;4
WS-HDSR2019;G1904;Stichtse Vecht;WK190401;Maarssen;BU19040112;Schilderskwartier;0333100000019854;KBS De Pionier;Schuhmacher, T.;Water Natuurlijk;0;131695;461473;52.14096;5.04677;132100;461987;52.14096;5.04677;131469;461697;52.14560;5.52647;Maarssen;4
WS-HDSR2019;G1904;Stichtse Vecht;WK190401;Maarssen;BU19040112;Schilderskwartier;0333100000019854;KBS De Pionier;Dirkse, F.R.;Water Natuurlijk;0;131695;461473;52.14096;5.04677;132100;461987;52.14096;5.04677;131469;461697;52.14560;5.52647;Maarssen;4
WS-HDSR2019;G1904;Stichtse Vecht;WK190401;Maarssen;BU19040112;Schilderskwartier;0333100000019854;KBS De Pionier;Hoogeveen, H.J.;Water Natuurlijk;0;131695;461473;52.14096;5.04677;132100;461987;52.14096;5.04677;131469;461697;52.14560;5.52647;Maarssen;4
WS-HDSR2019;G1904;Stichtse Vecht;WK190401;Maarssen;BU19040112;Schilderskwartier;0333100000019854;KBS De Pionier;Langenbach, J.W.H.;Water Natuurlijk;0;131695;461473;52.14096;5.04677;132100;461987;52.14096;5.04677;131469;461697;52.14560;5.52647;Maarssen;4
WS-HDSR2019;G1904;Stichtse Vecht;WK190401;Maarssen;BU19040112;Schilderskwartier;0333100000019854;KBS De Pionier;Boot, J.L.J.;Water Natuurlijk;0;131695;461473;52.14096;5.04677;132100;461987;52.14096;5.04677;131469;461697;52.14560;5.52647;Maarssen;4
WS-HDSR2019;G1904;Stichtse Vecht;WK190401;Maarssen;BU19040112;Schilderskwartier;0333100000019854;KBS De Pionier;van der Vorm-Gouman, E.;Water Natuurlijk;0;131695;461473;52.14096;5.04677;132100;461987;52.14096;5.04677;131469;461697;52.14560;5.52647;Maarssen;4
WS-HDSR2019;G1904;Stichtse Vecht;WK190401;Maarssen;BU19040112;Schilderskwartier;0333100000019854;KBS De Pionier;Jansen, G.J.P.;Water Natuurlijk;0;131695;461473;52.14096;5.04677;132100;461987;52.14096;5.04677;131469;461697;52.14560;5.52647;Maarssen;4
WS-HDSR2019;G1904;Stichtse Vecht;WK190401;Maarssen;BU19040112;Schilderskwartier;0333100000019854;KBS De Pionier;Becht, G.F.;Water Natuurlijk;0;131695;461473;52.14096;5.04677;132100;461987;52.14096;5.04677;131469;461697;52.14560;5.52647;Maarssen;4
WS-HDSR2019;G1904;Stichtse Vecht;WK190401;Maarssen;BU19040112;Schilderskwartier;0333100000019854;KBS De Pionier;van Oostenbrugge, R.;Water Natuurlijk;0;131695;461473;52.14096;5.04677;132100;461987;52.14096;5.04677;131469;461697;52.14560;5.52647;Maarssen;4
WS-HDSR2019;G1904;Stichtse Vecht;WK190401;Maarssen;BU19040112;Schilderskwartier;0333100000019854;KBS De Pionier;de Jonge, P.C.;Water Natuurlijk;0;131695;461473;52.14096;5.04677;132100;461987;52.14096;5.04677;131469;461697;52.14560;5.52647;Maarssen;4
WS-HDSR2019;G1904;Stichtse Vecht;WK190401;Maarssen;BU19040112;Schilderskwartier;0333100000019854;KBS De Pionier;Naber, J.M.L.;Water Natuurlijk;0;131695;461473;52.14096;5.04677;132100;461987;52.14096;5.04677;131469;461697;52.14560;5.52647;Maarssen;4
WS-HDSR2019;G1904;Stichtse Vecht;WK190401;Maarssen;BU19040112;Schilderskwartier;0333100000019854;KBS De Pionier;Duindam, J.I.M.;Water Natuurlijk;0;131695;461473;52.14096;5.04677;132100;461987;52.14096;5.04677;131469;461697;52.14560;5.52647;Maarssen;4
WS-HDSR2019;G1904;Stichtse Vecht;WK190401;Maarssen;BU19040112;Schilderskwartier;0333100000019854;KBS De Pionier;Lintmeijer, F.C.W.C.;Water Natuurlijk;0;131695;461473;52.14096;5.04677;132100;461987;52.14096;5.04677;131469;461697;52.14560;5.52647;Maarssen;4
WS-HDSR2019;G1904;Stichtse Vecht;WK190401;Maarssen;BU19040112;Schilderskwartier;0333100000019854;KBS De Pionier;Koster-Dreese, Y.;Water Natuurlijk;0;131695;461473;52.14096;5.04677;132100;461987;52.14096;5.04677;131469;461697;52.14560;5.52647;Maarssen;4
WS-HDSR2019;G1904;Stichtse Vecht;WK190401;Maarssen;BU19040112;Schilderskwartier;0333100000019854;KBS De Pionier;Beugelink, G.P.;Water Natuurlijk;0;131695;461473;52.14096;5.04677;132100;461987;52.14096;5.04677;131469;461697;52.14560;5.52647;Maarssen;4
WS-HDSR2019;G1904;Stichtse Vecht;WK190401;Maarssen;BU19040112;Schilderskwartier;0333100000019854;KBS De Pionier;van Essen, H.P.;Water Natuurlijk;0;131695;461473;52.14096;5.04677;132100;461987;52.14096;5.04677;131469;461697;52.14560;5.52647;Maarssen;4
WS-HDSR2019;G1904;Stichtse Vecht;WK190401;Maarssen;BU19040112;Schilderskwartier;0333100000019854;KBS De Pionier;Snoeren, P.W.M.;Water Natuurlijk;0;131695;461473;52.14096;5.04677;132100;461987;52.14096;5.04677;131469;461697;52.14560;5.52647;Maarssen;4
WS-HDSR2019;G1904;Stichtse Vecht;WK190401;Maarssen;BU19040112;Schilderskwartier;0333100000019854;KBS De Pionier;Groenendijk, S.;VVD;7;131695;461473;52.14096;5.04677;132100;461987;52.14096;5.04677;131469;461697;52.14560;5.52647;Maarssen;4
WS-HDSR2019;G1904;Stichtse Vecht;WK190401;Maarssen;BU19040112;Schilderskwartier;0333100000019854;KBS De Pionier;van der Sterre, P.J.;VVD;0;131695;461473;52.14096;5.04677;132100;461987;52.14096;5.04677;131469;461697;52.14560;5.52647;Maarssen;4
WS-HDSR2019;G1904;Stichtse Vecht;WK190401;Maarssen;BU19040112;Schilderskwartier;0333100000019854;KBS De Pionier;Eijsbroek, N.;VVD;2;131695;461473;52.14096;5.04677;132100;461987;52.14096;5.04677;131469;461697;52.14560;5.52647;Maarssen;4
WS-HDSR2019;G1904;Stichtse Vecht;WK190401;Maarssen;BU19040112;Schilderskwartier;0333100000019854;KBS De Pionier;van Winden, A.J.;VVD;0;131695;461473;52.14096;5.04677;132100;461987;52.14096;5.04677;131469;461697;52.14560;5.52647;Maarssen;4
WS-HDSR2019;G1904;Stichtse Vecht;WK190401;Maarssen;BU19040112;Schilderskwartier;0333100000019854;KBS De Pionier;van Baaren, J.;VVD;0;131695;461473;52.14096;5.04677;132100;461987;52.14096;5.04677;131469;461697;52.14560;5.52647;Maarssen;4
WS-HDSR2019;G1904;Stichtse Vecht;WK190401;Maarssen;BU19040112;Schilderskwartier;0333100000019854;KBS De Pionier;Kapper, S.R.;VVD;0;131695;461473;52.14096;5.04677;132100;461987;52.14096;5.04677;131469;461697;52.14560;5.52647;Maarssen;4
WS-HDSR2019;G1904;Stichtse Vecht;WK190401;Maarssen;BU19040112;Schilderskwartier;0333100000019854;KBS De Pionier;Michielsen, P.F.M.;VVD;0;131695;461473;52.14096;5.04677;132100;461987;52.14096;5.04677;131469;461697;52.14560;5.52647;Maarssen;4
WS-HDSR2019;G1904;Stichtse Vecht;WK190401;Maarssen;BU19040112;Schilderskwartier;0333100000019854;KBS De Pionier;Trapman, E.G.J.H.;VVD;0;131695;461473;52.14096;5.04677;132100;461987;52.14096;5.04677;131469;461697;52.14560;5.52647;Maarssen;4
WS-HDSR2019;G1904;Stichtse Vecht;WK190401;Maarssen;BU19040112;Schilderskwartier;0333100000019854;KBS De Pionier;de Jong, B.;CDA;0;131695;461473;52.14096;5.04677;132100;461987;52.14096;5.04677;131469;461697;52.14560;5.52647;Maarssen;4
WS-HDSR2019;G1904;Stichtse Vecht;WK190401;Maarssen;BU19040112;Schilderskwartier;0333100000019854;KBS De Pionier;Sommer-de Vries, K.H.;CDA;0;131695;461473;52.14096;5.04677;132100;461987;52.14096;5.04677;131469;461697;52.14560;5.52647;Maarssen;4
WS-HDSR2019;G1904;Stichtse Vecht;WK190401;Maarssen;BU19040112;Schilderskwartier;0333100000019854;KBS De Pionier;Droogers, J.A.G.W.;CDA;2;131695;461473;52.14096;5.04677;132100;461987;52.14096;5.04677;131469;461697;52.14560;5.52647;Maarssen;4
WS-HDSR2019;G1904;Stichtse Vecht;WK190401;Maarssen;BU19040112;Schilderskwartier;0333100000019854;KBS De Pionier;Bakker, P.J.I.;CDA;0;131695;461473;52.14096;5.04677;132100;461987;52.14096;5.04677;131469;461697;52.14560;5.52647;Maarssen;4
WS-HDSR2019;G1904;Stichtse Vecht;WK190401;Maarssen;BU19040112;Schilderskwartier;0333100000019854;KBS De Pionier;de Roos, T.L.;CDA;0;131695;461473;52.14096;5.04677;132100;461987;52.14096;5.04677;131469;461697;52.14560;5.52647;Maarssen;4
WS-HDSR2019;G1904;Stichtse Vecht;WK190401;Maarssen;BU19040112;Schilderskwartier;0333100000019854;KBS De Pionier;Roorda, F.A.;CDA;0;131695;461473;52.14096;5.04677;132100;461987;52.14096;5.04677;131469;461697;52.14560;5.52647;Maarssen;4
WS-HDSR2019;G1904;Stichtse Vecht;WK190401;Maarssen;BU19040112;Schilderskwartier;0333100000019854;KBS De Pionier;Adriani-Wempe, H.J.;CDA;0;131695;461473;52.14096;5.04677;132100;461987;52.14096;5.04677;131469;461697;52.14560;5.52647;Maarssen;4
WS-HDSR2019;G1904;Stichtse Vecht;WK190401;Maarssen;BU19040112;Schilderskwartier;0333100000019854;KBS De Pionier;Verbij, A.L.G.;CDA;0;131695;461473;52.14096;5.04677;132100;461987;52.14096;5.04677;131469;461697;52.14560;5.52647;Maarssen;4
WS-HDSR2019;G1904;Stichtse Vecht;WK190401;Maarssen;BU19040112;Schilderskwartier;0333100000019854;KBS De Pionier;van Arendonk, L.A.A.M.;CDA;0;131695;461473;52.14096;5.04677;132100;461987;52.14096;5.04677;131469;461697;52.14560;5.52647;Maarssen;4
WS-HDSR2019;G1904;Stichtse Vecht;WK190401;Maarssen;BU19040112;Schilderskwartier;0333100000019854;KBS De Pionier;van Petersen, H.G.J.;CDA;0;131695;461473;52.14096;5.04677;132100;461987;52.14096;5.04677;131469;461697;52.14560;5.52647;Maarssen;4
WS-HDSR2019;G1904;Stichtse Vecht;WK190401;Maarssen;BU19040112;Schilderskwartier;0333100000019854;KBS De Pionier;Vinkenburg, J.H.W.M.;CDA;0;131695;461473;52.14096;5.04677;132100;461987;52.14096;5.04677;131469;461697;52.14560;5.52647;Maarssen;4
WS-HDSR2019;G1904;Stichtse Vecht;WK190401;Maarssen;BU19040112;Schilderskwartier;0333100000019854;KBS De Pionier;van der Spek, W.J.;CDA;0;131695;461473;52.14096;5.04677;132100;461987;52.14096;5.04677;131469;461697;52.14560;5.52647;Maarssen;4
WS-HDSR2019;G1904;Stichtse Vecht;WK190401;Maarssen;BU19040112;Schilderskwartier;0333100000019854;KBS De Pionier;de Regt, A.M.;CDA;0;131695;461473;52.14096;5.04677;132100;461987;52.14096;5.04677;131469;461697;52.14560;5.52647;Maarssen;4
WS-HDSR2019;G1904;Stichtse Vecht;WK190401;Maarssen;BU19040112;Schilderskwartier;0333100000019854;KBS De Pionier;Overbeek, K.B.J.;CDA;0;131695;461473;52.14096;5.04677;132100;461987;52.14096;5.04677;131469;461697;52.14560;5.52647;Maarssen;4
WS-HDSR2019;G1904;Stichtse Vecht;WK190401;Maarssen;BU19040112;Schilderskwartier;0333100000019854;KBS De Pionier;Jonkers, C.A.;CDA;0;131695;461473;52.14096;5.04677;132100;461987;52.14096;5.04677;131469;461697;52.14560;5.52647;Maarssen;4
WS-HDSR2019;G1904;Stichtse Vecht;WK190401;Maarssen;BU19040112;Schilderskwartier;0333100000019854;KBS De Pionier;Bunnik, R.P.;CDA;0;131695;461473;52.14096;5.04677;132100;461987;52.14096;5.04677;131469;461697;52.14560;5.52647;Maarssen;4
WS-HDSR2019;G1904;Stichtse Vecht;WK190401;Maarssen;BU19040112;Schilderskwartier;0333100000019854;KBS De Pionier;van der Honing, H.;CDA;0;131695;461473;52.14096;5.04677;132100;461987;52.14096;5.04677;131469;461697;52.14560;5.52647;Maarssen;4
WS-HDSR2019;G1904;Stichtse Vecht;WK190401;Maarssen;BU19040112;Schilderskwartier;0333100000019854;KBS De Pionier;Keestra, J.M.;CDA;0;131695;461473;52.14096;5.04677;132100;461987;52.14096;5.04677;131469;461697;52.14560;5.52647;Maarssen;4
WS-HDSR2019;G1904;Stichtse Vecht;WK190401;Maarssen;BU19040112;Schilderskwartier;0333100000019854;KBS De Pionier;van Wijk, W.A.M.;CDA;0;131695;461473;52.14096;5.04677;132100;461987;52.14096;5.04677;131469;461697;52.14560;5.52647;Maarssen;4
WS-HDSR2019;G1904;Stichtse Vecht;WK190401;Maarssen;BU19040112;Schilderskwartier;0333100000019854;KBS De Pionier;Vernie, L.N.;CDA;0;131695;461473;52.14096;5.04677;132100;461987;52.14096;5.04677;131469;461697;52.14560;5.52647;Maarssen;4
WS-HDSR2019;G1904;Stichtse Vecht;WK190401;Maarssen;BU19040112;Schilderskwartier;0333100000019854;KBS De Pionier;Tiggeloven, A.B.M.;CDA;0;131695;461473;52.14096;5.04677;132100;461987;52.14096;5.04677;131469;461697;52.14560;5.52647;Maarssen;4
WS-HDSR2019;G1904;Stichtse Vecht;WK190401;Maarssen;BU19040112;Schilderskwartier;0333100000019854;KBS De Pionier;Muijs, A.J.A.;CDA;0;131695;461473;52.14096;5.04677;132100;461987;52.14096;5.04677;131469;461697;52.14560;5.52647;Maarssen;4
WS-HDSR2019;G1904;Stichtse Vecht;WK190401;Maarssen;BU19040112;Schilderskwartier;0333100000019854;KBS De Pionier;van Kippersluis, F.P.;CDA;0;131695;461473;52.14096;5.04677;132100;461987;52.14096;5.04677;131469;461697;52.14560;5.52647;Maarssen;4
WS-HDSR2019;G1904;Stichtse Vecht;WK190401;Maarssen;BU19040112;Schilderskwartier;0333100000019854;KBS De Pionier;Migchels, G.;CDA;0;131695;461473;52.14096;5.04677;132100;461987;52.14096;5.04677;131469;461697;52.14560;5.52647;Maarssen;4
WS-HDSR2019;G1904;Stichtse Vecht;WK190401;Maarssen;BU19040112;Schilderskwartier;0333100000019854;KBS De Pionier;Baars, J.G.;CDA;0;131695;461473;52.14096;5.04677;132100;461987;52.14096;5.04677;131469;461697;52.14560;5.52647;Maarssen;4
WS-HDSR2019;G1904;Stichtse Vecht;WK190401;Maarssen;BU19040112;Schilderskwartier;0333100000019854;KBS De Pionier;Blom-Oosterhoff, R.C.;CDA;0;131695;461473;52.14096;5.04677;132100;461987;52.14096;5.04677;131469;461697;52.14560;5.52647;Maarssen;4
WS-HDSR2019;G1904;Stichtse Vecht;WK190401;Maarssen;BU19040112;Schilderskwartier;0333100000019854;KBS De Pionier;Jansen op de Haar, C.G.;Partij van de Arbeid (P.v.d.A.);0;131695;461473;52.14096;5.04677;132100;461987;52.14096;5.04677;131469;461697;52.14560;5.52647;Maarssen;4
WS-HDSR2019;G1904;Stichtse Vecht;WK190401;Maarssen;BU19040112;Schilderskwartier;0333100000019854;KBS De Pionier;van Zoelen, N.M.;Partij van de Arbeid (P.v.d.A.);1;131695;461473;52.14096;5.04677;132100;461987;52.14096;5.04677;131469;461697;52.14560;5.52647;Maarssen;4
WS-HDSR2019;G1904;Stichtse Vecht;WK190401;Maarssen;BU19040112;Schilderskwartier;0333100000019854;KBS De Pionier;van Bork, F.J.;Partij van de Arbeid (P.v.d.A.);0;131695;461473;52.14096;5.04677;132100;461987;52.14096;5.04677;131469;461697;52.14560;5.52647;Maarssen;4
WS-HDSR2019;G1904;Stichtse Vecht;WK190401;Maarssen;BU19040112;Schilderskwartier;0333100000019854;KBS De Pionier;Heesen, W.A.;Partij van de Arbeid (P.v.d.A.);0;131695;461473;52.14096;5.04677;132100;461987;52.14096;5.04677;131469;461697;52.14560;5.52647;Maarssen;4
WS-HDSR2019;G1904;Stichtse Vecht;WK190401;Maarssen;BU19040112;Schilderskwartier;0333100000019854;KBS De Pionier;Reerink, J.G.M.;Partij van de Arbeid (P.v.d.A.);0;131695;461473;52.14096;5.04677;132100;461987;52.14096;5.04677;131469;461697;52.14560;5.52647;Maarssen;4
WS-HDSR2019;G1904;Stichtse Vecht;WK190401;Maarssen;BU19040112;Schilderskwartier;0333100000019854;KBS De Pionier;Mulder, G.G.J.;Partij van de Arbeid (P.v.d.A.);0;131695;461473;52.14096;5.04677;132100;461987;52.14096;5.04677;131469;461697;52.14560;5.52647;Maarssen;4
WS-HDSR2019;G1904;Stichtse Vecht;WK190401;Maarssen;BU19040112;Schilderskwartier;0333100000019854;KBS De Pionier;Steen, J.H.;Partij van de Arbeid (P.v.d.A.);0;131695;461473;52.14096;5.04677;132100;461987;52.14096;5.04677;131469;461697;52.14560;5.52647;Maarssen;4
WS-HDSR2019;G1904;Stichtse Vecht;WK190401;Maarssen;BU19040112;Schilderskwartier;0333100000019854;KBS De Pionier;Jeddaoui, S.;Partij van de Arbeid (P.v.d.A.);0;131695;461473;52.14096;5.04677;132100;461987;52.14096;5.04677;131469;461697;52.14560;5.52647;Maarssen;4
WS-HDSR2019;G1904;Stichtse Vecht;WK190401;Maarssen;BU19040112;Schilderskwartier;0333100000019854;KBS De Pionier;Meijerink, M.S.J.;Partij van de Arbeid (P.v.d.A.);0;131695;461473;52.14096;5.04677;132100;461987;52.14096;5.04677;131469;461697;52.14560;5.52647;Maarssen;4
WS-HDSR2019;G1904;Stichtse Vecht;WK190401;Maarssen;BU19040112;Schilderskwartier;0333100000019854;KBS De Pionier;Dubbink, J.;Partij van de Arbeid (P.v.d.A.);0;131695;461473;52.14096;5.04677;132100;461987;52.14096;5.04677;131469;461697;52.14560;5.52647;Maarssen;4
WS-HDSR2019;G1904;Stichtse Vecht;WK190401;Maarssen;BU19040112;Schilderskwartier;0333100000019854;KBS De Pionier;Kaas, D.;Partij van de Arbeid (P.v.d.A.);0;131695;461473;52.14096;5.04677;132100;461987;52.14096;5.04677;131469;461697;52.14560;5.52647;Maarssen;4
WS-HDSR2019;G1904;Stichtse Vecht;WK190401;Maarssen;BU19040112;Schilderskwartier;0333100000019854;KBS De Pionier;van Dijk, M.J.;Partij van de Arbeid (P.v.d.A.);0;131695;461473;52.14096;5.04677;132100;461987;52.14096;5.04677;131469;461697;52.14560;5.52647;Maarssen;4
WS-HDSR2019;G1904;Stichtse Vecht;WK190401;Maarssen;BU19040112;Schilderskwartier;0333100000019854;KBS De Pionier;Boer, A.;Partij van de Arbeid (P.v.d.A.);0;131695;461473;52.14096;5.04677;132100;461987;52.14096;5.04677;131469;461697;52.14560;5.52647;Maarssen;4
WS-HDSR2019;G1904;Stichtse Vecht;WK190401;Maarssen;BU19040112;Schilderskwartier;0333100000019854;KBS De Pionier;Dibi, B.;Partij van de Arbeid (P.v.d.A.);0;131695;461473;52.14096;5.04677;132100;461987;52.14096;5.04677;131469;461697;52.14560;5.52647;Maarssen;4
WS-HDSR2019;G1904;Stichtse Vecht;WK190401;Maarssen;BU19040112;Schilderskwartier;0333100000019854;KBS De Pionier;van Hoof-Ward, M.;Partij van de Arbeid (P.v.d.A.);0;131695;461473;52.14096;5.04677;132100;461987;52.14096;5.04677;131469;461697;52.14560;5.52647;Maarssen;4
WS-HDSR2019;G1904;Stichtse Vecht;WK190401;Maarssen;BU19040112;Schilderskwartier;0333100000019854;KBS De Pionier;van Alfen, I.H.;Partij van de Arbeid (P.v.d.A.);0;131695;461473;52.14096;5.04677;132100;461987;52.14096;5.04677;131469;461697;52.14560;5.52647;Maarssen;4
WS-HDSR2019;G1904;Stichtse Vecht;WK190401;Maarssen;BU19040112;Schilderskwartier;0333100000019854;KBS De Pionier;Vellekoop, L.E.C.;Partij van de Arbeid (P.v.d.A.);0;131695;461473;52.14096;5.04677;132100;461987;52.14096;5.04677;131469;461697;52.14560;5.52647;Maarssen;4
WS-HDSR2019;G1904;Stichtse Vecht;WK190401;Maarssen;BU19040112;Schilderskwartier;0333100000019854;KBS De Pionier;Travaille, A.;Partij voor de Dieren;0;131695;461473;52.14096;5.04677;132100;461987;52.14096;5.04677;131469;461697;52.14560;5.52647;Maarssen;4
WS-HDSR2019;G1904;Stichtse Vecht;WK190401;Maarssen;BU19040112;Schilderskwartier;0333100000019854;KBS De Pionier;van der Steeg, W.;Partij voor de Dieren;0;131695;461473;52.14096;5.04677;132100;461987;52.14096;5.04677;131469;461697;52.14560;5.52647;Maarssen;4
WS-HDSR2019;G1904;Stichtse Vecht;WK190401;Maarssen;BU19040112;Schilderskwartier;0333100000019854;KBS De Pionier;van der Kruk, R.;Partij voor de Dieren;0;131695;461473;52.14096;5.04677;132100;461987;52.14096;5.04677;131469;461697;52.14560;5.52647;Maarssen;4
WS-HDSR2019;G1904;Stichtse Vecht;WK190401;Maarssen;BU19040112;Schilderskwartier;0333100000019854;KBS De Pionier;Dam, F.;Partij voor de Dieren;0;131695;461473;52.14096;5.04677;132100;461987;52.14096;5.04677;131469;461697;52.14560;5.52647;Maarssen;4
WS-HDSR2019;G1904;Stichtse Vecht;WK190401;Maarssen;BU19040112;Schilderskwartier;0333100000019854;KBS De Pionier;Hendriks, M.A.;Partij voor de Dieren;0;131695;461473;52.14096;5.04677;132100;461987;52.14096;5.04677;131469;461697;52.14560;5.52647;Maarssen;4
WS-HDSR2019;G1904;Stichtse Vecht;WK190401;Maarssen;BU19040112;Schilderskwartier;0333100000019854;KBS De Pionier;Korteweg, E.I.;Partij voor de Dieren;0;131695;461473;52.14096;5.04677;132100;461987;52.14096;5.04677;131469;461697;52.14560;5.52647;Maarssen;4
WS-HDSR2019;G1904;Stichtse Vecht;WK190401;Maarssen;BU19040112;Schilderskwartier;0333100000019854;KBS De Pionier;Verkleij-Torenbeek, C.;Partij voor de Dieren;0;131695;461473;52.14096;5.04677;132100;461987;52.14096;5.04677;131469;461697;52.14560;5.52647;Maarssen;4
WS-HDSR2019;G1904;Stichtse Vecht;WK190401;Maarssen;BU19040112;Schilderskwartier;0333100000019854;KBS De Pionier;Oskam, S.W.;Partij voor de Dieren;0;131695;461473;52.14096;5.04677;132100;461987;52.14096;5.04677;131469;461697;52.14560;5.52647;Maarssen;4
WS-HDSR2019;G1904;Stichtse Vecht;WK190401;Maarssen;BU19040112;Schilderskwartier;0333100000019854;KBS De Pionier;Bodewitz, W.A.;Partij voor de Dieren;0;131695;461473;52.14096;5.04677;132100;461987;52.14096;5.04677;131469;461697;52.14560;5.52647;Maarssen;4
WS-HDSR2019;G1904;Stichtse Vecht;WK190401;Maarssen;BU19040112;Schilderskwartier;0333100000019854;KBS De Pionier;Verkaik, E.;Waterschap@inwonersbelangen;0;131695;461473;52.14096;5.04677;132100;461987;52.14096;5.04677;131469;461697;52.14560;5.52647;Maarssen;4
WS-HDSR2019;G1904;Stichtse Vecht;WK190401;Maarssen;BU19040112;Schilderskwartier;0333100000019854;KBS De Pionier;Ketting, H.B.G.;Waterschap@inwonersbelangen;0;131695;461473;52.14096;5.04677;132100;461987;52.14096;5.04677;131469;461697;52.14560;5.52647;Maarssen;4
WS-HDSR2019;G1904;Stichtse Vecht;WK190401;Maarssen;BU19040112;Schilderskwartier;0333100000019854;KBS De Pionier;Haaxma, A.;Waterschap@inwonersbelangen;0;131695;461473;52.14096;5.04677;132100;461987;52.14096;5.04677;131469;461697;52.14560;5.52647;Maarssen;4
WS-HDSR2019;G1904;Stichtse Vecht;WK190401;Maarssen;BU19040112;Schilderskwartier;0333100000019854;KBS De Pionier;Zandbergen, G.;Waterschap@inwonersbelangen;0;131695;461473;52.14096;5.04677;132100;461987;52.14096;5.04677;131469;461697;52.14560;5.52647;Maarssen;4
WS-HDSR2019;G1904;Stichtse Vecht;WK190401;Maarssen;BU19040112;Schilderskwartier;0333100000019854;KBS De Pionier;van Leeuwen-van der Horst, L.P.T.;Waterschap@inwonersbelangen;0;131695;461473;52.14096;5.04677;132100;461987;52.14096;5.04677;131469;461697;52.14560;5.52647;Maarssen;4
WS-HDSR2019;G1904;Stichtse Vecht;WK190401;Maarssen;BU19040112;Schilderskwartier;0333100000019854;KBS De Pionier;van der Does, J.C.;Waterschap@inwonersbelangen;0;131695;461473;52.14096;5.04677;132100;461987;52.14096;5.04677;131469;461697;52.14560;5.52647;Maarssen;4
WS-HDSR2019;G1904;Stichtse Vecht;WK190401;Maarssen;BU19040112;Schilderskwartier;0333100000019854;KBS De Pionier;van Niel, D.A.;Waterschap@inwonersbelangen;0;131695;461473;52.14096;5.04677;132100;461987;52.14096;5.04677;131469;461697;52.14560;5.52647;Maarssen;4
WS-HDSR2019;G1904;Stichtse Vecht;WK190401;Maarssen;BU19040112;Schilderskwartier;0333100000019854;KBS De Pionier;Borst-Kruithof, K.;Waterschap@inwonersbelangen;0;131695;461473;52.14096;5.04677;132100;461987;52.14096;5.04677;131469;461697;52.14560;5.52647;Maarssen;4
WS-HDSR2019;G1904;Stichtse Vecht;WK190401;Maarssen;BU19040112;Schilderskwartier;0333100000019854;KBS De Pionier;Voorendt, T.C.M.;Waterschap@inwonersbelangen;0;131695;461473;52.14096;5.04677;132100;461987;52.14096;5.04677;131469;461697;52.14560;5.52647;Maarssen;4
WS-HDSR2019;G1904;Stichtse Vecht;WK190401;Maarssen;BU19040112;Schilderskwartier;0333100000019854;KBS De Pionier;de With, F.;Waterschap@inwonersbelangen;0;131695;461473;52.14096;5.04677;132100;461987;52.14096;5.04677;131469;461697;52.14560;5.52647;Maarssen;4
WS-HDSR2019;G1904;Stichtse Vecht;WK190401;Maarssen;BU19040112;Schilderskwartier;0333100000019854;KBS De Pionier;Boer, W.J.;Waterschap@inwonersbelangen;0;131695;461473;52.14096;5.04677;132100;461987;52.14096;5.04677;131469;461697;52.14560;5.52647;Maarssen;4
WS-HDSR2019;G1904;Stichtse Vecht;WK190401;Maarssen;BU19040112;Schilderskwartier;0333100000019854;KBS De Pionier;Verkaik, L.J.C.;Waterschap@inwonersbelangen;0;131695;461473;52.14096;5.04677;132100;461987;52.14096;5.04677;131469;461697;52.14560;5.52647;Maarssen;4
WS-HDSR2019;G1904;Stichtse Vecht;WK190401;Maarssen;BU19040112;Schilderskwartier;0333100000019854;KBS De Pionier;Streekstra, S.;Waterschap@inwonersbelangen;0;131695;461473;52.14096;5.04677;132100;461987;52.14096;5.04677;131469;461697;52.14560;5.52647;Maarssen;4
WS-HDSR2019;G1904;Stichtse Vecht;WK190401;Maarssen;BU19040112;Schilderskwartier;0333100000019854;KBS De Pionier;van Kranenburg, C.J.;ChristenUnie;2;131695;461473;52.14096;5.04677;132100;461987;52.14096;5.04677;131469;461697;52.14560;5.52647;Maarssen;4
WS-HDSR2019;G1904;Stichtse Vecht;WK190401;Maarssen;BU19040112;Schilderskwartier;0333100000019854;KBS De Pionier;van de Belt, D.;ChristenUnie;0;131695;461473;52.14096;5.04677;132100;461987;52.14096;5.04677;131469;461697;52.14560;5.52647;Maarssen;4
WS-HDSR2019;G1904;Stichtse Vecht;WK190401;Maarssen;BU19040112;Schilderskwartier;0333100000019854;KBS De Pionier;Pleijsier, C.S.;ChristenUnie;0;131695;461473;52.14096;5.04677;132100;461987;52.14096;5.04677;131469;461697;52.14560;5.52647;Maarssen;4
WS-HDSR2019;G1904;Stichtse Vecht;WK190401;Maarssen;BU19040112;Schilderskwartier;0333100000019854;KBS De Pionier;Zeef, P.H.H.;ChristenUnie;0;131695;461473;52.14096;5.04677;132100;461987;52.14096;5.04677;131469;461697;52.14560;5.52647;Maarssen;4
WS-HDSR2019;G1904;Stichtse Vecht;WK190401;Maarssen;BU19040112;Schilderskwartier;0333100000019854;KBS De Pionier;Voortman, D.G.J.;ChristenUnie;0;131695;461473;52.14096;5.04677;132100;461987;52.14096;5.04677;131469;461697;52.14560;5.52647;Maarssen;4
WS-HDSR2019;G1904;Stichtse Vecht;WK190401;Maarssen;BU19040112;Schilderskwartier;0333100000019854;KBS De Pionier;Snoek, H.C.;ChristenUnie;0;131695;461473;52.14096;5.04677;132100;461987;52.14096;5.04677;131469;461697;52.14560;5.52647;Maarssen;4
WS-HDSR2019;G1904;Stichtse Vecht;WK190401;Maarssen;BU19040112;Schilderskwartier;0333100000019854;KBS De Pionier;van der Grift, C.M.;ChristenUnie;0;131695;461473;52.14096;5.04677;132100;461987;52.14096;5.04677;131469;461697;52.14560;5.52647;Maarssen;4
WS-HDSR2019;G1904;Stichtse Vecht;WK190401;Maarssen;BU19040112;Schilderskwartier;0333100000019854;KBS De Pionier;Reinders, M.J.;ChristenUnie;0;131695;461473;52.14096;5.04677;132100;461987;52.14096;5.04677;131469;461697;52.14560;5.52647;Maarssen;4
WS-HDSR2019;G1904;Stichtse Vecht;WK190401;Maarssen;BU19040112;Schilderskwartier;0333100000019854;KBS De Pionier;Benders-Molenaar, M.;ChristenUnie;0;131695;461473;52.14096;5.04677;132100;461987;52.14096;5.04677;131469;461697;52.14560;5.52647;Maarssen;4
WS-HDSR2019;G1904;Stichtse Vecht;WK190401;Maarssen;BU19040112;Schilderskwartier;0333100000019854;KBS De Pionier;van Wijnen, D.A.;ChristenUnie;0;131695;461473;52.14096;5.04677;132100;461987;52.14096;5.04677;131469;461697;52.14560;5.52647;Maarssen;4
WS-HDSR2019;G1904;Stichtse Vecht;WK190401;Maarssen;BU19040112;Schilderskwartier;0333100000019854;KBS De Pionier;Voorberg, C.Z.;ChristenUnie;0;131695;461473;52.14096;5.04677;132100;461987;52.14096;5.04677;131469;461697;52.14560;5.52647;Maarssen;4
WS-HDSR2019;G1904;Stichtse Vecht;WK190401;Maarssen;BU19040112;Schilderskwartier;0333100000019854;KBS De Pionier;Roetman, I.C.;ChristenUnie;1;131695;461473;52.14096;5.04677;132100;461987;52.14096;5.04677;131469;461697;52.14560;5.52647;Maarssen;4
WS-HDSR2019;G1904;Stichtse Vecht;WK190401;Maarssen;BU19040112;Schilderskwartier;0333100000019854;KBS De Pionier;Wentink, A.G.;ChristenUnie;0;131695;461473;52.14096;5.04677;132100;461987;52.14096;5.04677;131469;461697;52.14560;5.52647;Maarssen;4
WS-HDSR2019;G1904;Stichtse Vecht;WK190401;Maarssen;BU19040112;Schilderskwartier;0333100000019854;KBS De Pionier;Pape-van Genderen, C.A.;ChristenUnie;0;131695;461473;52.14096;5.04677;132100;461987;52.14096;5.04677;131469;461697;52.14560;5.52647;Maarssen;4
WS-HDSR2019;G1904;Stichtse Vecht;WK190401;Maarssen;BU19040112;Schilderskwartier;0333100000019854;KBS De Pionier;Taute, G.;ChristenUnie;0;131695;461473;52.14096;5.04677;132100;461987;52.14096;5.04677;131469;461697;52.14560;5.52647;Maarssen;4
WS-HDSR2019;G1904;Stichtse Vecht;WK190401;Maarssen;BU19040112;Schilderskwartier;0333100000019854;KBS De Pionier;Meijer, J.H.;ChristenUnie;0;131695;461473;52.14096;5.04677;132100;461987;52.14096;5.04677;131469;461697;52.14560;5.52647;Maarssen;4
WS-HDSR2019;G1904;Stichtse Vecht;WK190401;Maarssen;BU19040112;Schilderskwartier;0333100000019854;KBS De Pionier;van Dalen-van Hierden, B.;ChristenUnie;0;131695;461473;52.14096;5.04677;132100;461987;52.14096;5.04677;131469;461697;52.14560;5.52647;Maarssen;4
WS-HDSR2019;G1904;Stichtse Vecht;WK190401;Maarssen;BU19040112;Schilderskwartier;0333100000019854;KBS De Pionier;van der Ven, A.;ChristenUnie;0;131695;461473;52.14096;5.04677;132100;461987;52.14096;5.04677;131469;461697;52.14560;5.52647;Maarssen;4
WS-HDSR2019;G1904;Stichtse Vecht;WK190401;Maarssen;BU19040112;Schilderskwartier;0333100000019854;KBS De Pionier;van Utrecht, D.;ChristenUnie;0;131695;461473;52.14096;5.04677;132100;461987;52.14096;5.04677;131469;461697;52.14560;5.52647;Maarssen;4
WS-HDSR2019;G1904;Stichtse Vecht;WK190401;Maarssen;BU19040112;Schilderskwartier;0333100000019854;KBS De Pionier;Lont, B.C.;ChristenUnie;0;131695;461473;52.14096;5.04677;132100;461987;52.14096;5.04677;131469;461697;52.14560;5.52647;Maarssen;4
WS-HDSR2019;G1904;Stichtse Vecht;WK190401;Maarssen;BU19040112;Schilderskwartier;0333100000019854;KBS De Pionier;Bos, P.W.;ChristenUnie;0;131695;461473;52.14096;5.04677;132100;461987;52.14096;5.04677;131469;461697;52.14560;5.52647;Maarssen;4
WS-HDSR2019;G1904;Stichtse Vecht;WK190401;Maarssen;BU19040112;Schilderskwartier;0333100000019854;KBS De Pionier;Kool, A.;ChristenUnie;0;131695;461473;52.14096;5.04677;132100;461987;52.14096;5.04677;131469;461697;52.14560;5.52647;Maarssen;4
WS-HDSR2019;G1904;Stichtse Vecht;WK190401;Maarssen;BU19040112;Schilderskwartier;0333100000019854;KBS De Pionier;Schaddelee, A.J.;ChristenUnie;0;131695;461473;52.14096;5.04677;132100;461987;52.14096;5.04677;131469;461697;52.14560;5.52647;Maarssen;4
WS-HDSR2019;G1904;Stichtse Vecht;WK190401;Maarssen;BU19040112;Schilderskwartier;0333100000019854;KBS De Pionier;Dieperink, C.;AWP niet politiek, wel deskundig;0;131695;461473;52.14096;5.04677;132100;461987;52.14096;5.04677;131469;461697;52.14560;5.52647;Maarssen;4
WS-HDSR2019;G1904;Stichtse Vecht;WK190401;Maarssen;BU19040112;Schilderskwartier;0333100000019854;KBS De Pionier;Verweij, J.P.;AWP niet politiek, wel deskundig;0;131695;461473;52.14096;5.04677;132100;461987;52.14096;5.04677;131469;461697;52.14560;5.52647;Maarssen;4
WS-HDSR2019;G1904;Stichtse Vecht;WK190401;Maarssen;BU19040112;Schilderskwartier;0333100000019854;KBS De Pionier;Moinier, S.;AWP niet politiek, wel deskundig;0;131695;461473;52.14096;5.04677;132100;461987;52.14096;5.04677;131469;461697;52.14560;5.52647;Maarssen;4
WS-HDSR2019;G1904;Stichtse Vecht;WK190401;Maarssen;BU19040112;Schilderskwartier;0333100000019854;KBS De Pionier;Heidema, A.;AWP niet politiek, wel deskundig;0;131695;461473;52.14096;5.04677;132100;461987;52.14096;5.04677;131469;461697;52.14560;5.52647;Maarssen;4
WS-HDSR2019;G1904;Stichtse Vecht;WK190401;Maarssen;BU19040112;Schilderskwartier;0333100000019854;KBS De Pionier;Keessen, A.M.;AWP niet politiek, wel deskundig;0;131695;461473;52.14096;5.04677;132100;461987;52.14096;5.04677;131469;461697;52.14560;5.52647;Maarssen;4
WS-HDSR2019;G1904;Stichtse Vecht;WK190401;Maarssen;BU19040112;Schilderskwartier;0333100000019854;KBS De Pionier;Moor, J.A.P.M.;AWP niet politiek, wel deskundig;0;131695;461473;52.14096;5.04677;132100;461987;52.14096;5.04677;131469;461697;52.14560;5.52647;Maarssen;4
WS-HDSR2019;G1904;Stichtse Vecht;WK190401;Maarssen;BU19040112;Schilderskwartier;0333100000019854;KBS De Pionier;de Leeuw-Bosch, E.;AWP niet politiek, wel deskundig;0;131695;461473;52.14096;5.04677;132100;461987;52.14096;5.04677;131469;461697;52.14560;5.52647;Maarssen;4
WS-HDSR2019;G1904;Stichtse Vecht;WK190401;Maarssen;BU19040112;Schilderskwartier;0333100000019854;KBS De Pionier;Koop, S.H.A.;AWP niet politiek, wel deskundig;0;131695;461473;52.14096;5.04677;132100;461987;52.14096;5.04677;131469;461697;52.14560;5.52647;Maarssen;4
WS-HDSR2019;G1904;Stichtse Vecht;WK190401;Maarssen;BU19040112;Schilderskwartier;0333100000019854;KBS De Pionier;Hiemstra, A.;AWP niet politiek, wel deskundig;0;131695;461473;52.14096;5.04677;132100;461987;52.14096;5.04677;131469;461697;52.14560;5.52647;Maarssen;4
WS-HDSR2019;G1904;Stichtse Vecht;WK190401;Maarssen;BU19040112;Schilderskwartier;0333100000019854;KBS De Pionier;van der Veen, B.J.;AWP niet politiek, wel deskundig;0;131695;461473;52.14096;5.04677;132100;461987;52.14096;5.04677;131469;461697;52.14560;5.52647;Maarssen;4
WS-HDSR2019;G1904;Stichtse Vecht;WK190401;Maarssen;BU19040112;Schilderskwartier;0333100000019854;KBS De Pionier;Gilissen, H.K.;AWP niet politiek, wel deskundig;0;131695;461473;52.14096;5.04677;132100;461987;52.14096;5.04677;131469;461697;52.14560;5.52647;Maarssen;4
WS-HDSR2019;G1904;Stichtse Vecht;WK190401;Maarssen;BU19040112;Schilderskwartier;0333100000019854;KBS De Pionier;van Leeuwen, C.J.;AWP niet politiek, wel deskundig;0;131695;461473;52.14096;5.04677;132100;461987;52.14096;5.04677;131469;461697;52.14560;5.52647;Maarssen;4
WS-HDSR2019;G1904;Stichtse Vecht;WK190401;Maarssen;BU19040112;Schilderskwartier;0333100000019854;KBS De Pionier;Jansen, A. E.;AWP niet politiek, wel deskundig;0;131695;461473;52.14096;5.04677;132100;461987;52.14096;5.04677;131469;461697;52.14560;5.52647;Maarssen;4
WS-HDSR2019;G1904;Stichtse Vecht;WK190401;Maarssen;BU19040112;Schilderskwartier;0333100000019854;KBS De Pionier;van Os, F.;Staatkundig Gereformeerde Partij (SGP);0;131695;461473;52.14096;5.04677;132100;461987;52.14096;5.04677;131469;461697;52.14560;5.52647;Maarssen;4
WS-HDSR2019;G1904;Stichtse Vecht;WK190401;Maarssen;BU19040112;Schilderskwartier;0333100000019854;KBS De Pionier;van Zetten, J.N.;Staatkundig Gereformeerde Partij (SGP);0;131695;461473;52.14096;5.04677;132100;461987;52.14096;5.04677;131469;461697;52.14560;5.52647;Maarssen;4
WS-HDSR2019;G1904;Stichtse Vecht;WK190401;Maarssen;BU19040112;Schilderskwartier;0333100000019854;KBS De Pionier;van der Wind, J.J.;Staatkundig Gereformeerde Partij (SGP);0;131695;461473;52.14096;5.04677;132100;461987;52.14096;5.04677;131469;461697;52.14560;5.52647;Maarssen;4
WS-HDSR2019;G1904;Stichtse Vecht;WK190401;Maarssen;BU19040112;Schilderskwartier;0333100000019854;KBS De Pionier;Verweij, K.C.;Staatkundig Gereformeerde Partij (SGP);0;131695;461473;52.14096;5.04677;132100;461987;52.14096;5.04677;131469;461697;52.14560;5.52647;Maarssen;4
WS-HDSR2019;G1904;Stichtse Vecht;WK190401;Maarssen;BU19040112;Schilderskwartier;0333100000019854;KBS De Pionier;van Leeuwen, G.;Staatkundig Gereformeerde Partij (SGP);0;131695;461473;52.14096;5.04677;132100;461987;52.14096;5.04677;131469;461697;52.14560;5.52647;Maarssen;4
WS-HDSR2019;G1904;Stichtse Vecht;WK190401;Maarssen;BU19040112;Schilderskwartier;0333100000019854;KBS De Pionier;de Groot, L.;Staatkundig Gereformeerde Partij (SGP);0;131695;461473;52.14096;5.04677;132100;461987;52.14096;5.04677;131469;461697;52.14560;5.52647;Maarssen;4
WS-HDSR2019;G1904;Stichtse Vecht;WK190401;Maarssen;BU19040112;Schilderskwartier;0333100000019854;KBS De Pionier;Boonzaaijer, G.;Staatkundig Gereformeerde Partij (SGP);0;131695;461473;52.14096;5.04677;132100;461987;52.14096;5.04677;131469;461697;52.14560;5.52647;Maarssen;4
WS-HDSR2019;G1904;Stichtse Vecht;WK190401;Maarssen;BU19040112;Schilderskwartier;0333100000019854;KBS De Pionier;Broere, J.;Staatkundig Gereformeerde Partij (SGP);0;131695;461473;52.14096;5.04677;132100;461987;52.14096;5.04677;131469;461697;52.14560;5.52647;Maarssen;4
WS-HDSR2019;G1904;Stichtse Vecht;WK190401;Maarssen;BU19040112;Schilderskwartier;0333100000019854;KBS De Pionier;Marchal, J.;Staatkundig Gereformeerde Partij (SGP);0;131695;461473;52.14096;5.04677;132100;461987;52.14096;5.04677;131469;461697;52.14560;5.52647;Maarssen;4
WS-HDSR2019;G1904;Stichtse Vecht;WK190401;Maarssen;BU19040112;Schilderskwartier;0333100000019854;KBS De Pionier;van Woudenberg, J.;Staatkundig Gereformeerde Partij (SGP);0;131695;461473;52.14096;5.04677;132100;461987;52.14096;5.04677;131469;461697;52.14560;5.52647;Maarssen;4
WS-HDSR2019;G1904;Stichtse Vecht;WK190401;Maarssen;BU19040112;Schilderskwartier;0333100000019854;KBS De Pionier;Verduijn, A.;Staatkundig Gereformeerde Partij (SGP);0;131695;461473;52.14096;5.04677;132100;461987;52.14096;5.04677;131469;461697;52.14560;5.52647;Maarssen;4
WS-HDSR2019;G1904;Stichtse Vecht;WK190401;Maarssen;BU19040112;Schilderskwartier;0333100000019854;KBS De Pionier;Rijneveld, C.;Staatkundig Gereformeerde Partij (SGP);0;131695;461473;52.14096;5.04677;132100;461987;52.14096;5.04677;131469;461697;52.14560;5.52647;Maarssen;4
WS-HDSR2019;G1904;Stichtse Vecht;WK190401;Maarssen;BU19040112;Schilderskwartier;0333100000019854;KBS De Pionier;Doornenbal, G.;Staatkundig Gereformeerde Partij (SGP);0;131695;461473;52.14096;5.04677;132100;461987;52.14096;5.04677;131469;461697;52.14560;5.52647;Maarssen;4
WS-HDSR2019;G1904;Stichtse Vecht;WK190401;Maarssen;BU19040112;Schilderskwartier;0333100000019854;KBS De Pionier;van Vulpen, C.;Staatkundig Gereformeerde Partij (SGP);0;131695;461473;52.14096;5.04677;132100;461987;52.14096;5.04677;131469;461697;52.14560;5.52647;Maarssen;4
WS-HDSR2019;G1904;Stichtse Vecht;WK190401;Maarssen;BU19040112;Schilderskwartier;0333100000019854;KBS De Pionier;Benschop, J.W.;Staatkundig Gereformeerde Partij (SGP);0;131695;461473;52.14096;5.04677;132100;461987;52.14096;5.04677;131469;461697;52.14560;5.52647;Maarssen;4
WS-HDSR2019;G1904;Stichtse Vecht;WK190401;Maarssen;BU19040112;Schilderskwartier;0333100000019854;KBS De Pionier;van den Hoek, R.P.J.J.;50PLUS;1;131695;461473;52.14096;5.04677;132100;461987;52.14096;5.04677;131469;461697;52.14560;5.52647;Maarssen;4
WS-HDSR2019;G1904;Stichtse Vecht;WK190401;Maarssen;BU19040112;Schilderskwartier;0333100000019854;KBS De Pionier;Schalkwijk, G.M.;50PLUS;0;131695;461473;52.14096;5.04677;132100;461987;52.14096;5.04677;131469;461697;52.14560;5.52647;Maarssen;4
WS-HDSR2019;G1904;Stichtse Vecht;WK190401;Maarssen;BU19040112;Schilderskwartier;0333100000019854;KBS De Pionier;de Mol, S.A.;50PLUS;0;131695;461473;52.14096;5.04677;132100;461987;52.14096;5.04677;131469;461697;52.14560;5.52647;Maarssen;4
WS-HDSR2019;G1904;Stichtse Vecht;WK190401;Maarssen;BU19040112;Schilderskwartier;0333100000019854;KBS De Pionier;Schifferling, J.H.;50PLUS;0;131695;461473;52.14096;5.04677;132100;461987;52.14096;5.04677;131469;461697;52.14560;5.52647;Maarssen;4
WS-HDSR2019;G1904;Stichtse Vecht;WK190401;Maarssen;BU19040112;Schilderskwartier;0333100000019854;KBS De Pionier;Cornelissen, M.P.J.;50PLUS;0;131695;461473;52.14096;5.04677;132100;461987;52.14096;5.04677;131469;461697;52.14560;5.52647;Maarssen;4
WS-HDSR2019;G1904;Stichtse Vecht;WK190401;Maarssen;BU19040112;Schilderskwartier;0333100000019854;KBS De Pionier;Postma, R.;50PLUS;0;131695;461473;52.14096;5.04677;132100;461987;52.14096;5.04677;131469;461697;52.14560;5.52647;Maarssen;4
WS-HDSR2019;G1904;Stichtse Vecht;WK190401;Maarssen;BU19040105;Zandweg-Oostwaard;0333100000017478;Basisschool Het Kompas;Otterman, J.A.;Water Natuurlijk;0;132159;460927;52.13607;5.05358;132100;461987;52.13607;5.05358;132071;461001;52.14560;5.52647;Maarssen;5
WS-HDSR2019;G1904;Stichtse Vecht;WK190401;Maarssen;BU19040105;Zandweg-Oostwaard;0333100000017478;Basisschool Het Kompas;Jansen, M.L.E.;Water Natuurlijk;0;132159;460927;52.13607;5.05358;132100;461987;52.13607;5.05358;132071;461001;52.14560;5.52647;Maarssen;5
WS-HDSR2019;G1904;Stichtse Vecht;WK190401;Maarssen;BU19040105;Zandweg-Oostwaard;0333100000017478;Basisschool Het Kompas;van der Heijden, J.;Water Natuurlijk;0;132159;460927;52.13607;5.05358;132100;461987;52.13607;5.05358;132071;461001;52.14560;5.52647;Maarssen;5
WS-HDSR2019;G1904;Stichtse Vecht;WK190401;Maarssen;BU19040105;Zandweg-Oostwaard;0333100000017478;Basisschool Het Kompas;Oskam, G.A.;Water Natuurlijk;0;132159;460927;52.13607;5.05358;132100;461987;52.13607;5.05358;132071;461001;52.14560;5.52647;Maarssen;5
WS-HDSR2019;G1904;Stichtse Vecht;WK190401;Maarssen;BU19040105;Zandweg-Oostwaard;0333100000017478;Basisschool Het Kompas;van der Molen, D.T.;Water Natuurlijk;0;132159;460927;52.13607;5.05358;132100;461987;52.13607;5.05358;132071;461001;52.14560;5.52647;Maarssen;5
WS-HDSR2019;G1904;Stichtse Vecht;WK190401;Maarssen;BU19040105;Zandweg-Oostwaard;0333100000017478;Basisschool Het Kompas;Dekker-Groen, A.M.;Water Natuurlijk;0;132159;460927;52.13607;5.05358;132100;461987;52.13607;5.05358;132071;461001;52.14560;5.52647;Maarssen;5
WS-HDSR2019;G1904;Stichtse Vecht;WK190401;Maarssen;BU19040105;Zandweg-Oostwaard;0333100000017478;Basisschool Het Kompas;van Dam, H.A.;Water Natuurlijk;0;132159;460927;52.13607;5.05358;132100;461987;52.13607;5.05358;132071;461001;52.14560;5.52647;Maarssen;5
WS-HDSR2019;G1904;Stichtse Vecht;WK190401;Maarssen;BU19040105;Zandweg-Oostwaard;0333100000017478;Basisschool Het Kompas;de Boer, R.A.;Water Natuurlijk;0;132159;460927;52.13607;5.05358;132100;461987;52.13607;5.05358;132071;461001;52.14560;5.52647;Maarssen;5
WS-HDSR2019;G1904;Stichtse Vecht;WK190401;Maarssen;BU19040105;Zandweg-Oostwaard;0333100000017478;Basisschool Het Kompas;van Berckel, A.R.M.;Water Natuurlijk;0;132159;460927;52.13607;5.05358;132100;461987;52.13607;5.05358;132071;461001;52.14560;5.52647;Maarssen;5
WS-HDSR2019;G1904;Stichtse Vecht;WK190401;Maarssen;BU19040105;Zandweg-Oostwaard;0333100000017478;Basisschool Het Kompas;ten Heuw, E.W.;Water Natuurlijk;0;132159;460927;52.13607;5.05358;132100;461987;52.13607;5.05358;132071;461001;52.14560;5.52647;Maarssen;5
WS-HDSR2019;G1904;Stichtse Vecht;WK190401;Maarssen;BU19040105;Zandweg-Oostwaard;0333100000017478;Basisschool Het Kompas;van der Wal, R.L.;Water Natuurlijk;0;132159;460927;52.13607;5.05358;132100;461987;52.13607;5.05358;132071;461001;52.14560;5.52647;Maarssen;5
WS-HDSR2019;G1904;Stichtse Vecht;WK190401;Maarssen;BU19040105;Zandweg-Oostwaard;0333100000017478;Basisschool Het Kompas;Kortekaas, M.L.;Water Natuurlijk;0;132159;460927;52.13607;5.05358;132100;461987;52.13607;5.05358;132071;461001;52.14560;5.52647;Maarssen;5
WS-HDSR2019;G1904;Stichtse Vecht;WK190401;Maarssen;BU19040105;Zandweg-Oostwaard;0333100000017478;Basisschool Het Kompas;Boerkamp, J.G.;Water Natuurlijk;0;132159;460927;52.13607;5.05358;132100;461987;52.13607;5.05358;132071;461001;52.14560;5.52647;Maarssen;5
WS-HDSR2019;G1904;Stichtse Vecht;WK190401;Maarssen;BU19040105;Zandweg-Oostwaard;0333100000017478;Basisschool Het Kompas;Nobel, A.C.;Water Natuurlijk;0;132159;460927;52.13607;5.05358;132100;461987;52.13607;5.05358;132071;461001;52.14560;5.52647;Maarssen;5
WS-HDSR2019;G1904;Stichtse Vecht;WK190401;Maarssen;BU19040105;Zandweg-Oostwaard;0333100000017478;Basisschool Het Kompas;Kingma, J.H.;Water Natuurlijk;0;132159;460927;52.13607;5.05358;132100;461987;52.13607;5.05358;132071;461001;52.14560;5.52647;Maarssen;5
WS-HDSR2019;G1904;Stichtse Vecht;WK190401;Maarssen;BU19040105;Zandweg-Oostwaard;0333100000017478;Basisschool Het Kompas;Aulich, K.M.;Water Natuurlijk;0;132159;460927;52.13607;5.05358;132100;461987;52.13607;5.05358;132071;461001;52.14560;5.52647;Maarssen;5
WS-HDSR2019;G1904;Stichtse Vecht;WK190401;Maarssen;BU19040105;Zandweg-Oostwaard;0333100000017478;Basisschool Het Kompas;Veldboer, S.J.H.M.;Water Natuurlijk;0;132159;460927;52.13607;5.05358;132100;461987;52.13607;5.05358;132071;461001;52.14560;5.52647;Maarssen;5
WS-HDSR2019;G1904;Stichtse Vecht;WK190401;Maarssen;BU19040105;Zandweg-Oostwaard;0333100000017478;Basisschool Het Kompas;Bijker, W.H.;Water Natuurlijk;0;132159;460927;52.13607;5.05358;132100;461987;52.13607;5.05358;132071;461001;52.14560;5.52647;Maarssen;5
WS-HDSR2019;G1904;Stichtse Vecht;WK190401;Maarssen;BU19040105;Zandweg-Oostwaard;0333100000017478;Basisschool Het Kompas;Tigchelhoff, A.;Water Natuurlijk;0;132159;460927;52.13607;5.05358;132100;461987;52.13607;5.05358;132071;461001;52.14560;5.52647;Maarssen;5
WS-HDSR2019;G1904;Stichtse Vecht;WK190401;Maarssen;BU19040105;Zandweg-Oostwaard;0333100000017478;Basisschool Het Kompas;Kloppenborg, J.F.M.;Water Natuurlijk;0;132159;460927;52.13607;5.05358;132100;461987;52.13607;5.05358;132071;461001;52.14560;5.52647;Maarssen;5
WS-HDSR2019;G1904;Stichtse Vecht;WK190401;Maarssen;BU19040105;Zandweg-Oostwaard;0333100000017478;Basisschool Het Kompas;Goedvolk, P.A.M.;Water Natuurlijk;0;132159;460927;52.13607;5.05358;132100;461987;52.13607;5.05358;132071;461001;52.14560;5.52647;Maarssen;5
WS-HDSR2019;G1904;Stichtse Vecht;WK190401;Maarssen;BU19040105;Zandweg-Oostwaard;0333100000017478;Basisschool Het Kompas;Ket, P.C.;Water Natuurlijk;0;132159;460927;52.13607;5.05358;132100;461987;52.13607;5.05358;132071;461001;52.14560;5.52647;Maarssen;5
WS-HDSR2019;G1904;Stichtse Vecht;WK190401;Maarssen;BU19040105;Zandweg-Oostwaard;0333100000017478;Basisschool Het Kompas;Gnodde, M.W.J.;Water Natuurlijk;0;132159;460927;52.13607;5.05358;132100;461987;52.13607;5.05358;132071;461001;52.14560;5.52647;Maarssen;5
WS-HDSR2019;G1904;Stichtse Vecht;WK190401;Maarssen;BU19040105;Zandweg-Oostwaard;0333100000017478;Basisschool Het Kompas;Zandvliet, H.C.A.;Water Natuurlijk;0;132159;460927;52.13607;5.05358;132100;461987;52.13607;5.05358;132071;461001;52.14560;5.52647;Maarssen;5
WS-HDSR2019;G1904;Stichtse Vecht;WK190401;Maarssen;BU19040105;Zandweg-Oostwaard;0333100000017478;Basisschool Het Kompas;Karelse, J.J.H.G.D.;Water Natuurlijk;0;132159;460927;52.13607;5.05358;132100;461987;52.13607;5.05358;132071;461001;52.14560;5.52647;Maarssen;5
WS-HDSR2019;G1904;Stichtse Vecht;WK190401;Maarssen;BU19040105;Zandweg-Oostwaard;0333100000017478;Basisschool Het Kompas;Schuhmacher, T.;Water Natuurlijk;0;132159;460927;52.13607;5.05358;132100;461987;52.13607;5.05358;132071;461001;52.14560;5.52647;Maarssen;5
WS-HDSR2019;G1904;Stichtse Vecht;WK190401;Maarssen;BU19040105;Zandweg-Oostwaard;0333100000017478;Basisschool Het Kompas;Dirkse, F.R.;Water Natuurlijk;0;132159;460927;52.13607;5.05358;132100;461987;52.13607;5.05358;132071;461001;52.14560;5.52647;Maarssen;5
WS-HDSR2019;G1904;Stichtse Vecht;WK190401;Maarssen;BU19040105;Zandweg-Oostwaard;0333100000017478;Basisschool Het Kompas;Hoogeveen, H.J.;Water Natuurlijk;0;132159;460927;52.13607;5.05358;132100;461987;52.13607;5.05358;132071;461001;52.14560;5.52647;Maarssen;5
WS-HDSR2019;G1904;Stichtse Vecht;WK190401;Maarssen;BU19040105;Zandweg-Oostwaard;0333100000017478;Basisschool Het Kompas;Langenbach, J.W.H.;Water Natuurlijk;0;132159;460927;52.13607;5.05358;132100;461987;52.13607;5.05358;132071;461001;52.14560;5.52647;Maarssen;5
WS-HDSR2019;G1904;Stichtse Vecht;WK190401;Maarssen;BU19040105;Zandweg-Oostwaard;0333100000017478;Basisschool Het Kompas;Boot, J.L.J.;Water Natuurlijk;0;132159;460927;52.13607;5.05358;132100;461987;52.13607;5.05358;132071;461001;52.14560;5.52647;Maarssen;5
WS-HDSR2019;G1904;Stichtse Vecht;WK190401;Maarssen;BU19040105;Zandweg-Oostwaard;0333100000017478;Basisschool Het Kompas;van der Vorm-Gouman, E.;Water Natuurlijk;0;132159;460927;52.13607;5.05358;132100;461987;52.13607;5.05358;132071;461001;52.14560;5.52647;Maarssen;5
WS-HDSR2019;G1904;Stichtse Vecht;WK190401;Maarssen;BU19040105;Zandweg-Oostwaard;0333100000017478;Basisschool Het Kompas;Jansen, G.J.P.;Water Natuurlijk;0;132159;460927;52.13607;5.05358;132100;461987;52.13607;5.05358;132071;461001;52.14560;5.52647;Maarssen;5
WS-HDSR2019;G1904;Stichtse Vecht;WK190401;Maarssen;BU19040105;Zandweg-Oostwaard;0333100000017478;Basisschool Het Kompas;Becht, G.F.;Water Natuurlijk;0;132159;460927;52.13607;5.05358;132100;461987;52.13607;5.05358;132071;461001;52.14560;5.52647;Maarssen;5
WS-HDSR2019;G1904;Stichtse Vecht;WK190401;Maarssen;BU19040105;Zandweg-Oostwaard;0333100000017478;Basisschool Het Kompas;van Oostenbrugge, R.;Water Natuurlijk;0;132159;460927;52.13607;5.05358;132100;461987;52.13607;5.05358;132071;461001;52.14560;5.52647;Maarssen;5
WS-HDSR2019;G1904;Stichtse Vecht;WK190401;Maarssen;BU19040105;Zandweg-Oostwaard;0333100000017478;Basisschool Het Kompas;de Jonge, P.C.;Water Natuurlijk;0;132159;460927;52.13607;5.05358;132100;461987;52.13607;5.05358;132071;461001;52.14560;5.52647;Maarssen;5
WS-HDSR2019;G1904;Stichtse Vecht;WK190401;Maarssen;BU19040105;Zandweg-Oostwaard;0333100000017478;Basisschool Het Kompas;Naber, J.M.L.;Water Natuurlijk;0;132159;460927;52.13607;5.05358;132100;461987;52.13607;5.05358;132071;461001;52.14560;5.52647;Maarssen;5
WS-HDSR2019;G1904;Stichtse Vecht;WK190401;Maarssen;BU19040105;Zandweg-Oostwaard;0333100000017478;Basisschool Het Kompas;Duindam, J.I.M.;Water Natuurlijk;0;132159;460927;52.13607;5.05358;132100;461987;52.13607;5.05358;132071;461001;52.14560;5.52647;Maarssen;5
WS-HDSR2019;G1904;Stichtse Vecht;WK190401;Maarssen;BU19040105;Zandweg-Oostwaard;0333100000017478;Basisschool Het Kompas;Lintmeijer, F.C.W.C.;Water Natuurlijk;0;132159;460927;52.13607;5.05358;132100;461987;52.13607;5.05358;132071;461001;52.14560;5.52647;Maarssen;5
WS-HDSR2019;G1904;Stichtse Vecht;WK190401;Maarssen;BU19040105;Zandweg-Oostwaard;0333100000017478;Basisschool Het Kompas;Koster-Dreese, Y.;Water Natuurlijk;0;132159;460927;52.13607;5.05358;132100;461987;52.13607;5.05358;132071;461001;52.14560;5.52647;Maarssen;5
WS-HDSR2019;G1904;Stichtse Vecht;WK190401;Maarssen;BU19040105;Zandweg-Oostwaard;0333100000017478;Basisschool Het Kompas;Beugelink, G.P.;Water Natuurlijk;0;132159;460927;52.13607;5.05358;132100;461987;52.13607;5.05358;132071;461001;52.14560;5.52647;Maarssen;5
WS-HDSR2019;G1904;Stichtse Vecht;WK190401;Maarssen;BU19040105;Zandweg-Oostwaard;0333100000017478;Basisschool Het Kompas;van Essen, H.P.;Water Natuurlijk;0;132159;460927;52.13607;5.05358;132100;461987;52.13607;5.05358;132071;461001;52.14560;5.52647;Maarssen;5
WS-HDSR2019;G1904;Stichtse Vecht;WK190401;Maarssen;BU19040105;Zandweg-Oostwaard;0333100000017478;Basisschool Het Kompas;Snoeren, P.W.M.;Water Natuurlijk;0;132159;460927;52.13607;5.05358;132100;461987;52.13607;5.05358;132071;461001;52.14560;5.52647;Maarssen;5
WS-HDSR2019;G1904;Stichtse Vecht;WK190401;Maarssen;BU19040105;Zandweg-Oostwaard;0333100000017478;Basisschool Het Kompas;Groenendijk, S.;VVD;5;132159;460927;52.13607;5.05358;132100;461987;52.13607;5.05358;132071;461001;52.14560;5.52647;Maarssen;5
WS-HDSR2019;G1904;Stichtse Vecht;WK190401;Maarssen;BU19040105;Zandweg-Oostwaard;0333100000017478;Basisschool Het Kompas;van der Sterre, P.J.;VVD;0;132159;460927;52.13607;5.05358;132100;461987;52.13607;5.05358;132071;461001;52.14560;5.52647;Maarssen;5
WS-HDSR2019;G1904;Stichtse Vecht;WK190401;Maarssen;BU19040105;Zandweg-Oostwaard;0333100000017478;Basisschool Het Kompas;Eijsbroek, N.;VVD;1;132159;460927;52.13607;5.05358;132100;461987;52.13607;5.05358;132071;461001;52.14560;5.52647;Maarssen;5
WS-HDSR2019;G1904;Stichtse Vecht;WK190401;Maarssen;BU19040105;Zandweg-Oostwaard;0333100000017478;Basisschool Het Kompas;van Winden, A.J.;VVD;0;132159;460927;52.13607;5.05358;132100;461987;52.13607;5.05358;132071;461001;52.14560;5.52647;Maarssen;5
WS-HDSR2019;G1904;Stichtse Vecht;WK190401;Maarssen;BU19040105;Zandweg-Oostwaard;0333100000017478;Basisschool Het Kompas;van Baaren, J.;VVD;0;132159;460927;52.13607;5.05358;132100;461987;52.13607;5.05358;132071;461001;52.14560;5.52647;Maarssen;5
WS-HDSR2019;G1904;Stichtse Vecht;WK190401;Maarssen;BU19040105;Zandweg-Oostwaard;0333100000017478;Basisschool Het Kompas;Kapper, S.R.;VVD;0;132159;460927;52.13607;5.05358;132100;461987;52.13607;5.05358;132071;461001;52.14560;5.52647;Maarssen;5
WS-HDSR2019;G1904;Stichtse Vecht;WK190401;Maarssen;BU19040105;Zandweg-Oostwaard;0333100000017478;Basisschool Het Kompas;Michielsen, P.F.M.;VVD;0;132159;460927;52.13607;5.05358;132100;461987;52.13607;5.05358;132071;461001;52.14560;5.52647;Maarssen;5
WS-HDSR2019;G1904;Stichtse Vecht;WK190401;Maarssen;BU19040105;Zandweg-Oostwaard;0333100000017478;Basisschool Het Kompas;Trapman, E.G.J.H.;VVD;0;132159;460927;52.13607;5.05358;132100;461987;52.13607;5.05358;132071;461001;52.14560;5.52647;Maarssen;5
WS-HDSR2019;G1904;Stichtse Vecht;WK190401;Maarssen;BU19040105;Zandweg-Oostwaard;0333100000017478;Basisschool Het Kompas;de Jong, B.;CDA;0;132159;460927;52.13607;5.05358;132100;461987;52.13607;5.05358;132071;461001;52.14560;5.52647;Maarssen;5
WS-HDSR2019;G1904;Stichtse Vecht;WK190401;Maarssen;BU19040105;Zandweg-Oostwaard;0333100000017478;Basisschool Het Kompas;Sommer-de Vries, K.H.;CDA;0;132159;460927;52.13607;5.05358;132100;461987;52.13607;5.05358;132071;461001;52.14560;5.52647;Maarssen;5
WS-HDSR2019;G1904;Stichtse Vecht;WK190401;Maarssen;BU19040105;Zandweg-Oostwaard;0333100000017478;Basisschool Het Kompas;Droogers, J.A.G.W.;CDA;0;132159;460927;52.13607;5.05358;132100;461987;52.13607;5.05358;132071;461001;52.14560;5.52647;Maarssen;5
WS-HDSR2019;G1904;Stichtse Vecht;WK190401;Maarssen;BU19040105;Zandweg-Oostwaard;0333100000017478;Basisschool Het Kompas;Bakker, P.J.I.;CDA;0;132159;460927;52.13607;5.05358;132100;461987;52.13607;5.05358;132071;461001;52.14560;5.52647;Maarssen;5
WS-HDSR2019;G1904;Stichtse Vecht;WK190401;Maarssen;BU19040105;Zandweg-Oostwaard;0333100000017478;Basisschool Het Kompas;de Roos, T.L.;CDA;0;132159;460927;52.13607;5.05358;132100;461987;52.13607;5.05358;132071;461001;52.14560;5.52647;Maarssen;5
WS-HDSR2019;G1904;Stichtse Vecht;WK190401;Maarssen;BU19040105;Zandweg-Oostwaard;0333100000017478;Basisschool Het Kompas;Roorda, F.A.;CDA;0;132159;460927;52.13607;5.05358;132100;461987;52.13607;5.05358;132071;461001;52.14560;5.52647;Maarssen;5
WS-HDSR2019;G1904;Stichtse Vecht;WK190401;Maarssen;BU19040105;Zandweg-Oostwaard;0333100000017478;Basisschool Het Kompas;Adriani-Wempe, H.J.;CDA;0;132159;460927;52.13607;5.05358;132100;461987;52.13607;5.05358;132071;461001;52.14560;5.52647;Maarssen;5
WS-HDSR2019;G1904;Stichtse Vecht;WK190401;Maarssen;BU19040105;Zandweg-Oostwaard;0333100000017478;Basisschool Het Kompas;Verbij, A.L.G.;CDA;0;132159;460927;52.13607;5.05358;132100;461987;52.13607;5.05358;132071;461001;52.14560;5.52647;Maarssen;5
WS-HDSR2019;G1904;Stichtse Vecht;WK190401;Maarssen;BU19040105;Zandweg-Oostwaard;0333100000017478;Basisschool Het Kompas;van Arendonk, L.A.A.M.;CDA;0;132159;460927;52.13607;5.05358;132100;461987;52.13607;5.05358;132071;461001;52.14560;5.52647;Maarssen;5
WS-HDSR2019;G1904;Stichtse Vecht;WK190401;Maarssen;BU19040105;Zandweg-Oostwaard;0333100000017478;Basisschool Het Kompas;van Petersen, H.G.J.;CDA;0;132159;460927;52.13607;5.05358;132100;461987;52.13607;5.05358;132071;461001;52.14560;5.52647;Maarssen;5
WS-HDSR2019;G1904;Stichtse Vecht;WK190401;Maarssen;BU19040105;Zandweg-Oostwaard;0333100000017478;Basisschool Het Kompas;Vinkenburg, J.H.W.M.;CDA;0;132159;460927;52.13607;5.05358;132100;461987;52.13607;5.05358;132071;461001;52.14560;5.52647;Maarssen;5
WS-HDSR2019;G1904;Stichtse Vecht;WK190401;Maarssen;BU19040105;Zandweg-Oostwaard;0333100000017478;Basisschool Het Kompas;van der Spek, W.J.;CDA;0;132159;460927;52.13607;5.05358;132100;461987;52.13607;5.05358;132071;461001;52.14560;5.52647;Maarssen;5
WS-HDSR2019;G1904;Stichtse Vecht;WK190401;Maarssen;BU19040105;Zandweg-Oostwaard;0333100000017478;Basisschool Het Kompas;de Regt, A.M.;CDA;0;132159;460927;52.13607;5.05358;132100;461987;52.13607;5.05358;132071;461001;52.14560;5.52647;Maarssen;5
WS-HDSR2019;G1904;Stichtse Vecht;WK190401;Maarssen;BU19040105;Zandweg-Oostwaard;0333100000017478;Basisschool Het Kompas;Overbeek, K.B.J.;CDA;0;132159;460927;52.13607;5.05358;132100;461987;52.13607;5.05358;132071;461001;52.14560;5.52647;Maarssen;5
WS-HDSR2019;G1904;Stichtse Vecht;WK190401;Maarssen;BU19040105;Zandweg-Oostwaard;0333100000017478;Basisschool Het Kompas;Jonkers, C.A.;CDA;0;132159;460927;52.13607;5.05358;132100;461987;52.13607;5.05358;132071;461001;52.14560;5.52647;Maarssen;5
WS-HDSR2019;G1904;Stichtse Vecht;WK190401;Maarssen;BU19040105;Zandweg-Oostwaard;0333100000017478;Basisschool Het Kompas;Bunnik, R.P.;CDA;0;132159;460927;52.13607;5.05358;132100;461987;52.13607;5.05358;132071;461001;52.14560;5.52647;Maarssen;5
WS-HDSR2019;G1904;Stichtse Vecht;WK190401;Maarssen;BU19040105;Zandweg-Oostwaard;0333100000017478;Basisschool Het Kompas;van der Honing, H.;CDA;0;132159;460927;52.13607;5.05358;132100;461987;52.13607;5.05358;132071;461001;52.14560;5.52647;Maarssen;5
WS-HDSR2019;G1904;Stichtse Vecht;WK190401;Maarssen;BU19040105;Zandweg-Oostwaard;0333100000017478;Basisschool Het Kompas;Keestra, J.M.;CDA;0;132159;460927;52.13607;5.05358;132100;461987;52.13607;5.05358;132071;461001;52.14560;5.52647;Maarssen;5
WS-HDSR2019;G1904;Stichtse Vecht;WK190401;Maarssen;BU19040105;Zandweg-Oostwaard;0333100000017478;Basisschool Het Kompas;van Wijk, W.A.M.;CDA;0;132159;460927;52.13607;5.05358;132100;461987;52.13607;5.05358;132071;461001;52.14560;5.52647;Maarssen;5
WS-HDSR2019;G1904;Stichtse Vecht;WK190401;Maarssen;BU19040105;Zandweg-Oostwaard;0333100000017478;Basisschool Het Kompas;Vernie, L.N.;CDA;0;132159;460927;52.13607;5.05358;132100;461987;52.13607;5.05358;132071;461001;52.14560;5.52647;Maarssen;5
WS-HDSR2019;G1904;Stichtse Vecht;WK190401;Maarssen;BU19040105;Zandweg-Oostwaard;0333100000017478;Basisschool Het Kompas;Tiggeloven, A.B.M.;CDA;0;132159;460927;52.13607;5.05358;132100;461987;52.13607;5.05358;132071;461001;52.14560;5.52647;Maarssen;5
WS-HDSR2019;G1904;Stichtse Vecht;WK190401;Maarssen;BU19040105;Zandweg-Oostwaard;0333100000017478;Basisschool Het Kompas;Muijs, A.J.A.;CDA;0;132159;460927;52.13607;5.05358;132100;461987;52.13607;5.05358;132071;461001;52.14560;5.52647;Maarssen;5
WS-HDSR2019;G1904;Stichtse Vecht;WK190401;Maarssen;BU19040105;Zandweg-Oostwaard;0333100000017478;Basisschool Het Kompas;van Kippersluis, F.P.;CDA;0;132159;460927;52.13607;5.05358;132100;461987;52.13607;5.05358;132071;461001;52.14560;5.52647;Maarssen;5
WS-HDSR2019;G1904;Stichtse Vecht;WK190401;Maarssen;BU19040105;Zandweg-Oostwaard;0333100000017478;Basisschool Het Kompas;Migchels, G.;CDA;0;132159;460927;52.13607;5.05358;132100;461987;52.13607;5.05358;132071;461001;52.14560;5.52647;Maarssen;5
WS-HDSR2019;G1904;Stichtse Vecht;WK190401;Maarssen;BU19040105;Zandweg-Oostwaard;0333100000017478;Basisschool Het Kompas;Baars, J.G.;CDA;0;132159;460927;52.13607;5.05358;132100;461987;52.13607;5.05358;132071;461001;52.14560;5.52647;Maarssen;5
WS-HDSR2019;G1904;Stichtse Vecht;WK190401;Maarssen;BU19040105;Zandweg-Oostwaard;0333100000017478;Basisschool Het Kompas;Blom-Oosterhoff, R.C.;CDA;0;132159;460927;52.13607;5.05358;132100;461987;52.13607;5.05358;132071;461001;52.14560;5.52647;Maarssen;5
WS-HDSR2019;G1904;Stichtse Vecht;WK190401;Maarssen;BU19040105;Zandweg-Oostwaard;0333100000017478;Basisschool Het Kompas;Jansen op de Haar, C.G.;Partij van de Arbeid (P.v.d.A.);0;132159;460927;52.13607;5.05358;132100;461987;52.13607;5.05358;132071;461001;52.14560;5.52647;Maarssen;5
WS-HDSR2019;G1904;Stichtse Vecht;WK190401;Maarssen;BU19040105;Zandweg-Oostwaard;0333100000017478;Basisschool Het Kompas;van Zoelen, N.M.;Partij van de Arbeid (P.v.d.A.);1;132159;460927;52.13607;5.05358;132100;461987;52.13607;5.05358;132071;461001;52.14560;5.52647;Maarssen;5
WS-HDSR2019;G1904;Stichtse Vecht;WK190401;Maarssen;BU19040105;Zandweg-Oostwaard;0333100000017478;Basisschool Het Kompas;van Bork, F.J.;Partij van de Arbeid (P.v.d.A.);0;132159;460927;52.13607;5.05358;132100;461987;52.13607;5.05358;132071;461001;52.14560;5.52647;Maarssen;5
WS-HDSR2019;G1904;Stichtse Vecht;WK190401;Maarssen;BU19040105;Zandweg-Oostwaard;0333100000017478;Basisschool Het Kompas;Heesen, W.A.;Partij van de Arbeid (P.v.d.A.);0;132159;460927;52.13607;5.05358;132100;461987;52.13607;5.05358;132071;461001;52.14560;5.52647;Maarssen;5
WS-HDSR2019;G1904;Stichtse Vecht;WK190401;Maarssen;BU19040105;Zandweg-Oostwaard;0333100000017478;Basisschool Het Kompas;Reerink, J.G.M.;Partij van de Arbeid (P.v.d.A.);0;132159;460927;52.13607;5.05358;132100;461987;52.13607;5.05358;132071;461001;52.14560;5.52647;Maarssen;5
WS-HDSR2019;G1904;Stichtse Vecht;WK190401;Maarssen;BU19040105;Zandweg-Oostwaard;0333100000017478;Basisschool Het Kompas;Mulder, G.G.J.;Partij van de Arbeid (P.v.d.A.);0;132159;460927;52.13607;5.05358;132100;461987;52.13607;5.05358;132071;461001;52.14560;5.52647;Maarssen;5
WS-HDSR2019;G1904;Stichtse Vecht;WK190401;Maarssen;BU19040105;Zandweg-Oostwaard;0333100000017478;Basisschool Het Kompas;Steen, J.H.;Partij van de Arbeid (P.v.d.A.);0;132159;460927;52.13607;5.05358;132100;461987;52.13607;5.05358;132071;461001;52.14560;5.52647;Maarssen;5
WS-HDSR2019;G1904;Stichtse Vecht;WK190401;Maarssen;BU19040105;Zandweg-Oostwaard;0333100000017478;Basisschool Het Kompas;Jeddaoui, S.;Partij van de Arbeid (P.v.d.A.);0;132159;460927;52.13607;5.05358;132100;461987;52.13607;5.05358;132071;461001;52.14560;5.52647;Maarssen;5
WS-HDSR2019;G1904;Stichtse Vecht;WK190401;Maarssen;BU19040105;Zandweg-Oostwaard;0333100000017478;Basisschool Het Kompas;Meijerink, M.S.J.;Partij van de Arbeid (P.v.d.A.);0;132159;460927;52.13607;5.05358;132100;461987;52.13607;5.05358;132071;461001;52.14560;5.52647;Maarssen;5
WS-HDSR2019;G1904;Stichtse Vecht;WK190401;Maarssen;BU19040105;Zandweg-Oostwaard;0333100000017478;Basisschool Het Kompas;Dubbink, J.;Partij van de Arbeid (P.v.d.A.);0;132159;460927;52.13607;5.05358;132100;461987;52.13607;5.05358;132071;461001;52.14560;5.52647;Maarssen;5
WS-HDSR2019;G1904;Stichtse Vecht;WK190401;Maarssen;BU19040105;Zandweg-Oostwaard;0333100000017478;Basisschool Het Kompas;Kaas, D.;Partij van de Arbeid (P.v.d.A.);0;132159;460927;52.13607;5.05358;132100;461987;52.13607;5.05358;132071;461001;52.14560;5.52647;Maarssen;5
WS-HDSR2019;G1904;Stichtse Vecht;WK190401;Maarssen;BU19040105;Zandweg-Oostwaard;0333100000017478;Basisschool Het Kompas;van Dijk, M.J.;Partij van de Arbeid (P.v.d.A.);0;132159;460927;52.13607;5.05358;132100;461987;52.13607;5.05358;132071;461001;52.14560;5.52647;Maarssen;5
WS-HDSR2019;G1904;Stichtse Vecht;WK190401;Maarssen;BU19040105;Zandweg-Oostwaard;0333100000017478;Basisschool Het Kompas;Boer, A.;Partij van de Arbeid (P.v.d.A.);0;132159;460927;52.13607;5.05358;132100;461987;52.13607;5.05358;132071;461001;52.14560;5.52647;Maarssen;5
WS-HDSR2019;G1904;Stichtse Vecht;WK190401;Maarssen;BU19040105;Zandweg-Oostwaard;0333100000017478;Basisschool Het Kompas;Dibi, B.;Partij van de Arbeid (P.v.d.A.);0;132159;460927;52.13607;5.05358;132100;461987;52.13607;5.05358;132071;461001;52.14560;5.52647;Maarssen;5
WS-HDSR2019;G1904;Stichtse Vecht;WK190401;Maarssen;BU19040105;Zandweg-Oostwaard;0333100000017478;Basisschool Het Kompas;van Hoof-Ward, M.;Partij van de Arbeid (P.v.d.A.);0;132159;460927;52.13607;5.05358;132100;461987;52.13607;5.05358;132071;461001;52.14560;5.52647;Maarssen;5
WS-HDSR2019;G1904;Stichtse Vecht;WK190401;Maarssen;BU19040105;Zandweg-Oostwaard;0333100000017478;Basisschool Het Kompas;van Alfen, I.H.;Partij van de Arbeid (P.v.d.A.);0;132159;460927;52.13607;5.05358;132100;461987;52.13607;5.05358;132071;461001;52.14560;5.52647;Maarssen;5
WS-HDSR2019;G1904;Stichtse Vecht;WK190401;Maarssen;BU19040105;Zandweg-Oostwaard;0333100000017478;Basisschool Het Kompas;Vellekoop, L.E.C.;Partij van de Arbeid (P.v.d.A.);0;132159;460927;52.13607;5.05358;132100;461987;52.13607;5.05358;132071;461001;52.14560;5.52647;Maarssen;5
WS-HDSR2019;G1904;Stichtse Vecht;WK190401;Maarssen;BU19040105;Zandweg-Oostwaard;0333100000017478;Basisschool Het Kompas;Travaille, A.;Partij voor de Dieren;0;132159;460927;52.13607;5.05358;132100;461987;52.13607;5.05358;132071;461001;52.14560;5.52647;Maarssen;5
WS-HDSR2019;G1904;Stichtse Vecht;WK190401;Maarssen;BU19040105;Zandweg-Oostwaard;0333100000017478;Basisschool Het Kompas;van der Steeg, W.;Partij voor de Dieren;0;132159;460927;52.13607;5.05358;132100;461987;52.13607;5.05358;132071;461001;52.14560;5.52647;Maarssen;5
WS-HDSR2019;G1904;Stichtse Vecht;WK190401;Maarssen;BU19040105;Zandweg-Oostwaard;0333100000017478;Basisschool Het Kompas;van der Kruk, R.;Partij voor de Dieren;0;132159;460927;52.13607;5.05358;132100;461987;52.13607;5.05358;132071;461001;52.14560;5.52647;Maarssen;5
WS-HDSR2019;G1904;Stichtse Vecht;WK190401;Maarssen;BU19040105;Zandweg-Oostwaard;0333100000017478;Basisschool Het Kompas;Dam, F.;Partij voor de Dieren;0;132159;460927;52.13607;5.05358;132100;461987;52.13607;5.05358;132071;461001;52.14560;5.52647;Maarssen;5
WS-HDSR2019;G1904;Stichtse Vecht;WK190401;Maarssen;BU19040105;Zandweg-Oostwaard;0333100000017478;Basisschool Het Kompas;Hendriks, M.A.;Partij voor de Dieren;0;132159;460927;52.13607;5.05358;132100;461987;52.13607;5.05358;132071;461001;52.14560;5.52647;Maarssen;5
WS-HDSR2019;G1904;Stichtse Vecht;WK190401;Maarssen;BU19040105;Zandweg-Oostwaard;0333100000017478;Basisschool Het Kompas;Korteweg, E.I.;Partij voor de Dieren;0;132159;460927;52.13607;5.05358;132100;461987;52.13607;5.05358;132071;461001;52.14560;5.52647;Maarssen;5
WS-HDSR2019;G1904;Stichtse Vecht;WK190401;Maarssen;BU19040105;Zandweg-Oostwaard;0333100000017478;Basisschool Het Kompas;Verkleij-Torenbeek, C.;Partij voor de Dieren;0;132159;460927;52.13607;5.05358;132100;461987;52.13607;5.05358;132071;461001;52.14560;5.52647;Maarssen;5
WS-HDSR2019;G1904;Stichtse Vecht;WK190401;Maarssen;BU19040105;Zandweg-Oostwaard;0333100000017478;Basisschool Het Kompas;Oskam, S.W.;Partij voor de Dieren;0;132159;460927;52.13607;5.05358;132100;461987;52.13607;5.05358;132071;461001;52.14560;5.52647;Maarssen;5
WS-HDSR2019;G1904;Stichtse Vecht;WK190401;Maarssen;BU19040105;Zandweg-Oostwaard;0333100000017478;Basisschool Het Kompas;Bodewitz, W.A.;Partij voor de Dieren;0;132159;460927;52.13607;5.05358;132100;461987;52.13607;5.05358;132071;461001;52.14560;5.52647;Maarssen;5
WS-HDSR2019;G1904;Stichtse Vecht;WK190401;Maarssen;BU19040105;Zandweg-Oostwaard;0333100000017478;Basisschool Het Kompas;Verkaik, E.;Waterschap@inwonersbelangen;0;132159;460927;52.13607;5.05358;132100;461987;52.13607;5.05358;132071;461001;52.14560;5.52647;Maarssen;5
WS-HDSR2019;G1904;Stichtse Vecht;WK190401;Maarssen;BU19040105;Zandweg-Oostwaard;0333100000017478;Basisschool Het Kompas;Ketting, H.B.G.;Waterschap@inwonersbelangen;0;132159;460927;52.13607;5.05358;132100;461987;52.13607;5.05358;132071;461001;52.14560;5.52647;Maarssen;5
WS-HDSR2019;G1904;Stichtse Vecht;WK190401;Maarssen;BU19040105;Zandweg-Oostwaard;0333100000017478;Basisschool Het Kompas;Haaxma, A.;Waterschap@inwonersbelangen;0;132159;460927;52.13607;5.05358;132100;461987;52.13607;5.05358;132071;461001;52.14560;5.52647;Maarssen;5
WS-HDSR2019;G1904;Stichtse Vecht;WK190401;Maarssen;BU19040105;Zandweg-Oostwaard;0333100000017478;Basisschool Het Kompas;Zandbergen, G.;Waterschap@inwonersbelangen;0;132159;460927;52.13607;5.05358;132100;461987;52.13607;5.05358;132071;461001;52.14560;5.52647;Maarssen;5
WS-HDSR2019;G1904;Stichtse Vecht;WK190401;Maarssen;BU19040105;Zandweg-Oostwaard;0333100000017478;Basisschool Het Kompas;van Leeuwen-van der Horst, L.P.T.;Waterschap@inwonersbelangen;0;132159;460927;52.13607;5.05358;132100;461987;52.13607;5.05358;132071;461001;52.14560;5.52647;Maarssen;5
WS-HDSR2019;G1904;Stichtse Vecht;WK190401;Maarssen;BU19040105;Zandweg-Oostwaard;0333100000017478;Basisschool Het Kompas;van der Does, J.C.;Waterschap@inwonersbelangen;0;132159;460927;52.13607;5.05358;132100;461987;52.13607;5.05358;132071;461001;52.14560;5.52647;Maarssen;5
WS-HDSR2019;G1904;Stichtse Vecht;WK190401;Maarssen;BU19040105;Zandweg-Oostwaard;0333100000017478;Basisschool Het Kompas;van Niel, D.A.;Waterschap@inwonersbelangen;1;132159;460927;52.13607;5.05358;132100;461987;52.13607;5.05358;132071;461001;52.14560;5.52647;Maarssen;5
WS-HDSR2019;G1904;Stichtse Vecht;WK190401;Maarssen;BU19040105;Zandweg-Oostwaard;0333100000017478;Basisschool Het Kompas;Borst-Kruithof, K.;Waterschap@inwonersbelangen;0;132159;460927;52.13607;5.05358;132100;461987;52.13607;5.05358;132071;461001;52.14560;5.52647;Maarssen;5
WS-HDSR2019;G1904;Stichtse Vecht;WK190401;Maarssen;BU19040105;Zandweg-Oostwaard;0333100000017478;Basisschool Het Kompas;Voorendt, T.C.M.;Waterschap@inwonersbelangen;0;132159;460927;52.13607;5.05358;132100;461987;52.13607;5.05358;132071;461001;52.14560;5.52647;Maarssen;5
WS-HDSR2019;G1904;Stichtse Vecht;WK190401;Maarssen;BU19040105;Zandweg-Oostwaard;0333100000017478;Basisschool Het Kompas;de With, F.;Waterschap@inwonersbelangen;0;132159;460927;52.13607;5.05358;132100;461987;52.13607;5.05358;132071;461001;52.14560;5.52647;Maarssen;5
WS-HDSR2019;G1904;Stichtse Vecht;WK190401;Maarssen;BU19040105;Zandweg-Oostwaard;0333100000017478;Basisschool Het Kompas;Boer, W.J.;Waterschap@inwonersbelangen;0;132159;460927;52.13607;5.05358;132100;461987;52.13607;5.05358;132071;461001;52.14560;5.52647;Maarssen;5
WS-HDSR2019;G1904;Stichtse Vecht;WK190401;Maarssen;BU19040105;Zandweg-Oostwaard;0333100000017478;Basisschool Het Kompas;Verkaik, L.J.C.;Waterschap@inwonersbelangen;0;132159;460927;52.13607;5.05358;132100;461987;52.13607;5.05358;132071;461001;52.14560;5.52647;Maarssen;5
WS-HDSR2019;G1904;Stichtse Vecht;WK190401;Maarssen;BU19040105;Zandweg-Oostwaard;0333100000017478;Basisschool Het Kompas;Streekstra, S.;Waterschap@inwonersbelangen;0;132159;460927;52.13607;5.05358;132100;461987;52.13607;5.05358;132071;461001;52.14560;5.52647;Maarssen;5
WS-HDSR2019;G1904;Stichtse Vecht;WK190401;Maarssen;BU19040105;Zandweg-Oostwaard;0333100000017478;Basisschool Het Kompas;van Kranenburg, C.J.;ChristenUnie;0;132159;460927;52.13607;5.05358;132100;461987;52.13607;5.05358;132071;461001;52.14560;5.52647;Maarssen;5
WS-HDSR2019;G1904;Stichtse Vecht;WK190401;Maarssen;BU19040105;Zandweg-Oostwaard;0333100000017478;Basisschool Het Kompas;van de Belt, D.;ChristenUnie;0;132159;460927;52.13607;5.05358;132100;461987;52.13607;5.05358;132071;461001;52.14560;5.52647;Maarssen;5
WS-HDSR2019;G1904;Stichtse Vecht;WK190401;Maarssen;BU19040105;Zandweg-Oostwaard;0333100000017478;Basisschool Het Kompas;Pleijsier, C.S.;ChristenUnie;0;132159;460927;52.13607;5.05358;132100;461987;52.13607;5.05358;132071;461001;52.14560;5.52647;Maarssen;5
WS-HDSR2019;G1904;Stichtse Vecht;WK190401;Maarssen;BU19040105;Zandweg-Oostwaard;0333100000017478;Basisschool Het Kompas;Zeef, P.H.H.;ChristenUnie;0;132159;460927;52.13607;5.05358;132100;461987;52.13607;5.05358;132071;461001;52.14560;5.52647;Maarssen;5
WS-HDSR2019;G1904;Stichtse Vecht;WK190401;Maarssen;BU19040105;Zandweg-Oostwaard;0333100000017478;Basisschool Het Kompas;Voortman, D.G.J.;ChristenUnie;0;132159;460927;52.13607;5.05358;132100;461987;52.13607;5.05358;132071;461001;52.14560;5.52647;Maarssen;5
WS-HDSR2019;G1904;Stichtse Vecht;WK190401;Maarssen;BU19040105;Zandweg-Oostwaard;0333100000017478;Basisschool Het Kompas;Snoek, H.C.;ChristenUnie;0;132159;460927;52.13607;5.05358;132100;461987;52.13607;5.05358;132071;461001;52.14560;5.52647;Maarssen;5
WS-HDSR2019;G1904;Stichtse Vecht;WK190401;Maarssen;BU19040105;Zandweg-Oostwaard;0333100000017478;Basisschool Het Kompas;van der Grift, C.M.;ChristenUnie;0;132159;460927;52.13607;5.05358;132100;461987;52.13607;5.05358;132071;461001;52.14560;5.52647;Maarssen;5
WS-HDSR2019;G1904;Stichtse Vecht;WK190401;Maarssen;BU19040105;Zandweg-Oostwaard;0333100000017478;Basisschool Het Kompas;Reinders, M.J.;ChristenUnie;0;132159;460927;52.13607;5.05358;132100;461987;52.13607;5.05358;132071;461001;52.14560;5.52647;Maarssen;5
WS-HDSR2019;G1904;Stichtse Vecht;WK190401;Maarssen;BU19040105;Zandweg-Oostwaard;0333100000017478;Basisschool Het Kompas;Benders-Molenaar, M.;ChristenUnie;0;132159;460927;52.13607;5.05358;132100;461987;52.13607;5.05358;132071;461001;52.14560;5.52647;Maarssen;5
WS-HDSR2019;G1904;Stichtse Vecht;WK190401;Maarssen;BU19040105;Zandweg-Oostwaard;0333100000017478;Basisschool Het Kompas;van Wijnen, D.A.;ChristenUnie;0;132159;460927;52.13607;5.05358;132100;461987;52.13607;5.05358;132071;461001;52.14560;5.52647;Maarssen;5
WS-HDSR2019;G1904;Stichtse Vecht;WK190401;Maarssen;BU19040105;Zandweg-Oostwaard;0333100000017478;Basisschool Het Kompas;Voorberg, C.Z.;ChristenUnie;0;132159;460927;52.13607;5.05358;132100;461987;52.13607;5.05358;132071;461001;52.14560;5.52647;Maarssen;5
WS-HDSR2019;G1904;Stichtse Vecht;WK190401;Maarssen;BU19040105;Zandweg-Oostwaard;0333100000017478;Basisschool Het Kompas;Roetman, I.C.;ChristenUnie;0;132159;460927;52.13607;5.05358;132100;461987;52.13607;5.05358;132071;461001;52.14560;5.52647;Maarssen;5
WS-HDSR2019;G1904;Stichtse Vecht;WK190401;Maarssen;BU19040105;Zandweg-Oostwaard;0333100000017478;Basisschool Het Kompas;Wentink, A.G.;ChristenUnie;0;132159;460927;52.13607;5.05358;132100;461987;52.13607;5.05358;132071;461001;52.14560;5.52647;Maarssen;5
WS-HDSR2019;G1904;Stichtse Vecht;WK190401;Maarssen;BU19040105;Zandweg-Oostwaard;0333100000017478;Basisschool Het Kompas;Pape-van Genderen, C.A.;ChristenUnie;0;132159;460927;52.13607;5.05358;132100;461987;52.13607;5.05358;132071;461001;52.14560;5.52647;Maarssen;5
WS-HDSR2019;G1904;Stichtse Vecht;WK190401;Maarssen;BU19040105;Zandweg-Oostwaard;0333100000017478;Basisschool Het Kompas;Taute, G.;ChristenUnie;0;132159;460927;52.13607;5.05358;132100;461987;52.13607;5.05358;132071;461001;52.14560;5.52647;Maarssen;5
WS-HDSR2019;G1904;Stichtse Vecht;WK190401;Maarssen;BU19040105;Zandweg-Oostwaard;0333100000017478;Basisschool Het Kompas;Meijer, J.H.;ChristenUnie;0;132159;460927;52.13607;5.05358;132100;461987;52.13607;5.05358;132071;461001;52.14560;5.52647;Maarssen;5
WS-HDSR2019;G1904;Stichtse Vecht;WK190401;Maarssen;BU19040105;Zandweg-Oostwaard;0333100000017478;Basisschool Het Kompas;van Dalen-van Hierden, B.;ChristenUnie;0;132159;460927;52.13607;5.05358;132100;461987;52.13607;5.05358;132071;461001;52.14560;5.52647;Maarssen;5
WS-HDSR2019;G1904;Stichtse Vecht;WK190401;Maarssen;BU19040105;Zandweg-Oostwaard;0333100000017478;Basisschool Het Kompas;van der Ven, A.;ChristenUnie;0;132159;460927;52.13607;5.05358;132100;461987;52.13607;5.05358;132071;461001;52.14560;5.52647;Maarssen;5
WS-HDSR2019;G1904;Stichtse Vecht;WK190401;Maarssen;BU19040105;Zandweg-Oostwaard;0333100000017478;Basisschool Het Kompas;van Utrecht, D.;ChristenUnie;0;132159;460927;52.13607;5.05358;132100;461987;52.13607;5.05358;132071;461001;52.14560;5.52647;Maarssen;5
WS-HDSR2019;G1904;Stichtse Vecht;WK190401;Maarssen;BU19040105;Zandweg-Oostwaard;0333100000017478;Basisschool Het Kompas;Lont, B.C.;ChristenUnie;0;132159;460927;52.13607;5.05358;132100;461987;52.13607;5.05358;132071;461001;52.14560;5.52647;Maarssen;5
WS-HDSR2019;G1904;Stichtse Vecht;WK190401;Maarssen;BU19040105;Zandweg-Oostwaard;0333100000017478;Basisschool Het Kompas;Bos, P.W.;ChristenUnie;0;132159;460927;52.13607;5.05358;132100;461987;52.13607;5.05358;132071;461001;52.14560;5.52647;Maarssen;5
WS-HDSR2019;G1904;Stichtse Vecht;WK190401;Maarssen;BU19040105;Zandweg-Oostwaard;0333100000017478;Basisschool Het Kompas;Kool, A.;ChristenUnie;0;132159;460927;52.13607;5.05358;132100;461987;52.13607;5.05358;132071;461001;52.14560;5.52647;Maarssen;5
WS-HDSR2019;G1904;Stichtse Vecht;WK190401;Maarssen;BU19040105;Zandweg-Oostwaard;0333100000017478;Basisschool Het Kompas;Schaddelee, A.J.;ChristenUnie;0;132159;460927;52.13607;5.05358;132100;461987;52.13607;5.05358;132071;461001;52.14560;5.52647;Maarssen;5
WS-HDSR2019;G1904;Stichtse Vecht;WK190401;Maarssen;BU19040105;Zandweg-Oostwaard;0333100000017478;Basisschool Het Kompas;Dieperink, C.;AWP niet politiek, wel deskundig;0;132159;460927;52.13607;5.05358;132100;461987;52.13607;5.05358;132071;461001;52.14560;5.52647;Maarssen;5
WS-HDSR2019;G1904;Stichtse Vecht;WK190401;Maarssen;BU19040105;Zandweg-Oostwaard;0333100000017478;Basisschool Het Kompas;Verweij, J.P.;AWP niet politiek, wel deskundig;0;132159;460927;52.13607;5.05358;132100;461987;52.13607;5.05358;132071;461001;52.14560;5.52647;Maarssen;5
WS-HDSR2019;G1904;Stichtse Vecht;WK190401;Maarssen;BU19040105;Zandweg-Oostwaard;0333100000017478;Basisschool Het Kompas;Moinier, S.;AWP niet politiek, wel deskundig;0;132159;460927;52.13607;5.05358;132100;461987;52.13607;5.05358;132071;461001;52.14560;5.52647;Maarssen;5
WS-HDSR2019;G1904;Stichtse Vecht;WK190401;Maarssen;BU19040105;Zandweg-Oostwaard;0333100000017478;Basisschool Het Kompas;Heidema, A.;AWP niet politiek, wel deskundig;0;132159;460927;52.13607;5.05358;132100;461987;52.13607;5.05358;132071;461001;52.14560;5.52647;Maarssen;5
WS-HDSR2019;G1904;Stichtse Vecht;WK190401;Maarssen;BU19040105;Zandweg-Oostwaard;0333100000017478;Basisschool Het Kompas;Keessen, A.M.;AWP niet politiek, wel deskundig;0;132159;460927;52.13607;5.05358;132100;461987;52.13607;5.05358;132071;461001;52.14560;5.52647;Maarssen;5
WS-HDSR2019;G1904;Stichtse Vecht;WK190401;Maarssen;BU19040105;Zandweg-Oostwaard;0333100000017478;Basisschool Het Kompas;Moor, J.A.P.M.;AWP niet politiek, wel deskundig;0;132159;460927;52.13607;5.05358;132100;461987;52.13607;5.05358;132071;461001;52.14560;5.52647;Maarssen;5
WS-HDSR2019;G1904;Stichtse Vecht;WK190401;Maarssen;BU19040105;Zandweg-Oostwaard;0333100000017478;Basisschool Het Kompas;de Leeuw-Bosch, E.;AWP niet politiek, wel deskundig;0;132159;460927;52.13607;5.05358;132100;461987;52.13607;5.05358;132071;461001;52.14560;5.52647;Maarssen;5
WS-HDSR2019;G1904;Stichtse Vecht;WK190401;Maarssen;BU19040105;Zandweg-Oostwaard;0333100000017478;Basisschool Het Kompas;Koop, S.H.A.;AWP niet politiek, wel deskundig;0;132159;460927;52.13607;5.05358;132100;461987;52.13607;5.05358;132071;461001;52.14560;5.52647;Maarssen;5
WS-HDSR2019;G1904;Stichtse Vecht;WK190401;Maarssen;BU19040105;Zandweg-Oostwaard;0333100000017478;Basisschool Het Kompas;Hiemstra, A.;AWP niet politiek, wel deskundig;0;132159;460927;52.13607;5.05358;132100;461987;52.13607;5.05358;132071;461001;52.14560;5.52647;Maarssen;5
WS-HDSR2019;G1904;Stichtse Vecht;WK190401;Maarssen;BU19040105;Zandweg-Oostwaard;0333100000017478;Basisschool Het Kompas;van der Veen, B.J.;AWP niet politiek, wel deskundig;0;132159;460927;52.13607;5.05358;132100;461987;52.13607;5.05358;132071;461001;52.14560;5.52647;Maarssen;5
WS-HDSR2019;G1904;Stichtse Vecht;WK190401;Maarssen;BU19040105;Zandweg-Oostwaard;0333100000017478;Basisschool Het Kompas;Gilissen, H.K.;AWP niet politiek, wel deskundig;0;132159;460927;52.13607;5.05358;132100;461987;52.13607;5.05358;132071;461001;52.14560;5.52647;Maarssen;5
WS-HDSR2019;G1904;Stichtse Vecht;WK190401;Maarssen;BU19040105;Zandweg-Oostwaard;0333100000017478;Basisschool Het Kompas;van Leeuwen, C.J.;AWP niet politiek, wel deskundig;0;132159;460927;52.13607;5.05358;132100;461987;52.13607;5.05358;132071;461001;52.14560;5.52647;Maarssen;5
WS-HDSR2019;G1904;Stichtse Vecht;WK190401;Maarssen;BU19040105;Zandweg-Oostwaard;0333100000017478;Basisschool Het Kompas;Jansen, A. E.;AWP niet politiek, wel deskundig;0;132159;460927;52.13607;5.05358;132100;461987;52.13607;5.05358;132071;461001;52.14560;5.52647;Maarssen;5
WS-HDSR2019;G1904;Stichtse Vecht;WK190401;Maarssen;BU19040105;Zandweg-Oostwaard;0333100000017478;Basisschool Het Kompas;van Os, F.;Staatkundig Gereformeerde Partij (SGP);0;132159;460927;52.13607;5.05358;132100;461987;52.13607;5.05358;132071;461001;52.14560;5.52647;Maarssen;5
WS-HDSR2019;G1904;Stichtse Vecht;WK190401;Maarssen;BU19040105;Zandweg-Oostwaard;0333100000017478;Basisschool Het Kompas;van Zetten, J.N.;Staatkundig Gereformeerde Partij (SGP);0;132159;460927;52.13607;5.05358;132100;461987;52.13607;5.05358;132071;461001;52.14560;5.52647;Maarssen;5
WS-HDSR2019;G1904;Stichtse Vecht;WK190401;Maarssen;BU19040105;Zandweg-Oostwaard;0333100000017478;Basisschool Het Kompas;van der Wind, J.J.;Staatkundig Gereformeerde Partij (SGP);0;132159;460927;52.13607;5.05358;132100;461987;52.13607;5.05358;132071;461001;52.14560;5.52647;Maarssen;5
WS-HDSR2019;G1904;Stichtse Vecht;WK190401;Maarssen;BU19040105;Zandweg-Oostwaard;0333100000017478;Basisschool Het Kompas;Verweij, K.C.;Staatkundig Gereformeerde Partij (SGP);0;132159;460927;52.13607;5.05358;132100;461987;52.13607;5.05358;132071;461001;52.14560;5.52647;Maarssen;5
WS-HDSR2019;G1904;Stichtse Vecht;WK190401;Maarssen;BU19040105;Zandweg-Oostwaard;0333100000017478;Basisschool Het Kompas;van Leeuwen, G.;Staatkundig Gereformeerde Partij (SGP);0;132159;460927;52.13607;5.05358;132100;461987;52.13607;5.05358;132071;461001;52.14560;5.52647;Maarssen;5
WS-HDSR2019;G1904;Stichtse Vecht;WK190401;Maarssen;BU19040105;Zandweg-Oostwaard;0333100000017478;Basisschool Het Kompas;de Groot, L.;Staatkundig Gereformeerde Partij (SGP);0;132159;460927;52.13607;5.05358;132100;461987;52.13607;5.05358;132071;461001;52.14560;5.52647;Maarssen;5
WS-HDSR2019;G1904;Stichtse Vecht;WK190401;Maarssen;BU19040105;Zandweg-Oostwaard;0333100000017478;Basisschool Het Kompas;Boonzaaijer, G.;Staatkundig Gereformeerde Partij (SGP);0;132159;460927;52.13607;5.05358;132100;461987;52.13607;5.05358;132071;461001;52.14560;5.52647;Maarssen;5
WS-HDSR2019;G1904;Stichtse Vecht;WK190401;Maarssen;BU19040105;Zandweg-Oostwaard;0333100000017478;Basisschool Het Kompas;Broere, J.;Staatkundig Gereformeerde Partij (SGP);0;132159;460927;52.13607;5.05358;132100;461987;52.13607;5.05358;132071;461001;52.14560;5.52647;Maarssen;5
WS-HDSR2019;G1904;Stichtse Vecht;WK190401;Maarssen;BU19040105;Zandweg-Oostwaard;0333100000017478;Basisschool Het Kompas;Marchal, J.;Staatkundig Gereformeerde Partij (SGP);0;132159;460927;52.13607;5.05358;132100;461987;52.13607;5.05358;132071;461001;52.14560;5.52647;Maarssen;5
WS-HDSR2019;G1904;Stichtse Vecht;WK190401;Maarssen;BU19040105;Zandweg-Oostwaard;0333100000017478;Basisschool Het Kompas;van Woudenberg, J.;Staatkundig Gereformeerde Partij (SGP);0;132159;460927;52.13607;5.05358;132100;461987;52.13607;5.05358;132071;461001;52.14560;5.52647;Maarssen;5
WS-HDSR2019;G1904;Stichtse Vecht;WK190401;Maarssen;BU19040105;Zandweg-Oostwaard;0333100000017478;Basisschool Het Kompas;Verduijn, A.;Staatkundig Gereformeerde Partij (SGP);0;132159;460927;52.13607;5.05358;132100;461987;52.13607;5.05358;132071;461001;52.14560;5.52647;Maarssen;5
WS-HDSR2019;G1904;Stichtse Vecht;WK190401;Maarssen;BU19040105;Zandweg-Oostwaard;0333100000017478;Basisschool Het Kompas;Rijneveld, C.;Staatkundig Gereformeerde Partij (SGP);0;132159;460927;52.13607;5.05358;132100;461987;52.13607;5.05358;132071;461001;52.14560;5.52647;Maarssen;5
WS-HDSR2019;G1904;Stichtse Vecht;WK190401;Maarssen;BU19040105;Zandweg-Oostwaard;0333100000017478;Basisschool Het Kompas;Doornenbal, G.;Staatkundig Gereformeerde Partij (SGP);0;132159;460927;52.13607;5.05358;132100;461987;52.13607;5.05358;132071;461001;52.14560;5.52647;Maarssen;5
WS-HDSR2019;G1904;Stichtse Vecht;WK190401;Maarssen;BU19040105;Zandweg-Oostwaard;0333100000017478;Basisschool Het Kompas;van Vulpen, C.;Staatkundig Gereformeerde Partij (SGP);0;132159;460927;52.13607;5.05358;132100;461987;52.13607;5.05358;132071;461001;52.14560;5.52647;Maarssen;5
WS-HDSR2019;G1904;Stichtse Vecht;WK190401;Maarssen;BU19040105;Zandweg-Oostwaard;0333100000017478;Basisschool Het Kompas;Benschop, J.W.;Staatkundig Gereformeerde Partij (SGP);0;132159;460927;52.13607;5.05358;132100;461987;52.13607;5.05358;132071;461001;52.14560;5.52647;Maarssen;5
WS-HDSR2019;G1904;Stichtse Vecht;WK190401;Maarssen;BU19040105;Zandweg-Oostwaard;0333100000017478;Basisschool Het Kompas;van den Hoek, R.P.J.J.;50PLUS;0;132159;460927;52.13607;5.05358;132100;461987;52.13607;5.05358;132071;461001;52.14560;5.52647;Maarssen;5
WS-HDSR2019;G1904;Stichtse Vecht;WK190401;Maarssen;BU19040105;Zandweg-Oostwaard;0333100000017478;Basisschool Het Kompas;Schalkwijk, G.M.;50PLUS;0;132159;460927;52.13607;5.05358;132100;461987;52.13607;5.05358;132071;461001;52.14560;5.52647;Maarssen;5
WS-HDSR2019;G1904;Stichtse Vecht;WK190401;Maarssen;BU19040105;Zandweg-Oostwaard;0333100000017478;Basisschool Het Kompas;de Mol, S.A.;50PLUS;0;132159;460927;52.13607;5.05358;132100;461987;52.13607;5.05358;132071;461001;52.14560;5.52647;Maarssen;5
WS-HDSR2019;G1904;Stichtse Vecht;WK190401;Maarssen;BU19040105;Zandweg-Oostwaard;0333100000017478;Basisschool Het Kompas;Schifferling, J.H.;50PLUS;0;132159;460927;52.13607;5.05358;132100;461987;52.13607;5.05358;132071;461001;52.14560;5.52647;Maarssen;5
WS-HDSR2019;G1904;Stichtse Vecht;WK190401;Maarssen;BU19040105;Zandweg-Oostwaard;0333100000017478;Basisschool Het Kompas;Cornelissen, M.P.J.;50PLUS;0;132159;460927;52.13607;5.05358;132100;461987;52.13607;5.05358;132071;461001;52.14560;5.52647;Maarssen;5
WS-HDSR2019;G1904;Stichtse Vecht;WK190401;Maarssen;BU19040105;Zandweg-Oostwaard;0333100000017478;Basisschool Het Kompas;Postma, R.;50PLUS;0;132159;460927;52.13607;5.05358;132100;461987;52.13607;5.05358;132071;461001;52.14560;5.52647;Maarssen;5
WS-HDSR2019;G1904;Stichtse Vecht;WK190411;Oud Zuilen;BU19041101;Oud Zuilen;0333100000015733;Restaurant Belle;Otterman, J.A.;Water Natuurlijk;95;133341;459915;52.12702;5.07091;133378;460449;52.12702;5.07091;133378;460449;52.13182;5.71418;Oud Zuilen;6
WS-HDSR2019;G1904;Stichtse Vecht;WK190411;Oud Zuilen;BU19041101;Oud Zuilen;0333100000015733;Restaurant Belle;Jansen, M.L.E.;Water Natuurlijk;2;133341;459915;52.12702;5.07091;133378;460449;52.12702;5.07091;133378;460449;52.13182;5.71418;Oud Zuilen;6
WS-HDSR2019;G1904;Stichtse Vecht;WK190411;Oud Zuilen;BU19041101;Oud Zuilen;0333100000015733;Restaurant Belle;van der Heijden, J.;Water Natuurlijk;4;133341;459915;52.12702;5.07091;133378;460449;52.12702;5.07091;133378;460449;52.13182;5.71418;Oud Zuilen;6
WS-HDSR2019;G1904;Stichtse Vecht;WK190411;Oud Zuilen;BU19041101;Oud Zuilen;0333100000015733;Restaurant Belle;Oskam, G.A.;Water Natuurlijk;11;133341;459915;52.12702;5.07091;133378;460449;52.12702;5.07091;133378;460449;52.13182;5.71418;Oud Zuilen;6
WS-HDSR2019;G1904;Stichtse Vecht;WK190411;Oud Zuilen;BU19041101;Oud Zuilen;0333100000015733;Restaurant Belle;van der Molen, D.T.;Water Natuurlijk;5;133341;459915;52.12702;5.07091;133378;460449;52.12702;5.07091;133378;460449;52.13182;5.71418;Oud Zuilen;6
WS-HDSR2019;G1904;Stichtse Vecht;WK190411;Oud Zuilen;BU19041101;Oud Zuilen;0333100000015733;Restaurant Belle;Dekker-Groen, A.M.;Water Natuurlijk;2;133341;459915;52.12702;5.07091;133378;460449;52.12702;5.07091;133378;460449;52.13182;5.71418;Oud Zuilen;6
WS-HDSR2019;G1904;Stichtse Vecht;WK190411;Oud Zuilen;BU19041101;Oud Zuilen;0333100000015733;Restaurant Belle;van Dam, H.A.;Water Natuurlijk;3;133341;459915;52.12702;5.07091;133378;460449;52.12702;5.07091;133378;460449;52.13182;5.71418;Oud Zuilen;6
WS-HDSR2019;G1904;Stichtse Vecht;WK190411;Oud Zuilen;BU19041101;Oud Zuilen;0333100000015733;Restaurant Belle;de Boer, R.A.;Water Natuurlijk;0;133341;459915;52.12702;5.07091;133378;460449;52.12702;5.07091;133378;460449;52.13182;5.71418;Oud Zuilen;6
WS-HDSR2019;G1904;Stichtse Vecht;WK190411;Oud Zuilen;BU19041101;Oud Zuilen;0333100000015733;Restaurant Belle;van Berckel, A.R.M.;Water Natuurlijk;0;133341;459915;52.12702;5.07091;133378;460449;52.12702;5.07091;133378;460449;52.13182;5.71418;Oud Zuilen;6
WS-HDSR2019;G1904;Stichtse Vecht;WK190411;Oud Zuilen;BU19041101;Oud Zuilen;0333100000015733;Restaurant Belle;ten Heuw, E.W.;Water Natuurlijk;0;133341;459915;52.12702;5.07091;133378;460449;52.12702;5.07091;133378;460449;52.13182;5.71418;Oud Zuilen;6
WS-HDSR2019;G1904;Stichtse Vecht;WK190411;Oud Zuilen;BU19041101;Oud Zuilen;0333100000015733;Restaurant Belle;van der Wal, R.L.;Water Natuurlijk;0;133341;459915;52.12702;5.07091;133378;460449;52.12702;5.07091;133378;460449;52.13182;5.71418;Oud Zuilen;6
WS-HDSR2019;G1904;Stichtse Vecht;WK190411;Oud Zuilen;BU19041101;Oud Zuilen;0333100000015733;Restaurant Belle;Kortekaas, M.L.;Water Natuurlijk;1;133341;459915;52.12702;5.07091;133378;460449;52.12702;5.07091;133378;460449;52.13182;5.71418;Oud Zuilen;6
WS-HDSR2019;G1904;Stichtse Vecht;WK190411;Oud Zuilen;BU19041101;Oud Zuilen;0333100000015733;Restaurant Belle;Boerkamp, J.G.;Water Natuurlijk;1;133341;459915;52.12702;5.07091;133378;460449;52.12702;5.07091;133378;460449;52.13182;5.71418;Oud Zuilen;6
WS-HDSR2019;G1904;Stichtse Vecht;WK190411;Oud Zuilen;BU19041101;Oud Zuilen;0333100000015733;Restaurant Belle;Nobel, A.C.;Water Natuurlijk;1;133341;459915;52.12702;5.07091;133378;460449;52.12702;5.07091;133378;460449;52.13182;5.71418;Oud Zuilen;6
WS-HDSR2019;G1904;Stichtse Vecht;WK190411;Oud Zuilen;BU19041101;Oud Zuilen;0333100000015733;Restaurant Belle;Kingma, J.H.;Water Natuurlijk;0;133341;459915;52.12702;5.07091;133378;460449;52.12702;5.07091;133378;460449;52.13182;5.71418;Oud Zuilen;6
WS-HDSR2019;G1904;Stichtse Vecht;WK190411;Oud Zuilen;BU19041101;Oud Zuilen;0333100000015733;Restaurant Belle;Aulich, K.M.;Water Natuurlijk;1;133341;459915;52.12702;5.07091;133378;460449;52.12702;5.07091;133378;460449;52.13182;5.71418;Oud Zuilen;6
WS-HDSR2019;G1904;Stichtse Vecht;WK190411;Oud Zuilen;BU19041101;Oud Zuilen;0333100000015733;Restaurant Belle;Veldboer, S.J.H.M.;Water Natuurlijk;0;133341;459915;52.12702;5.07091;133378;460449;52.12702;5.07091;133378;460449;52.13182;5.71418;Oud Zuilen;6
WS-HDSR2019;G1904;Stichtse Vecht;WK190411;Oud Zuilen;BU19041101;Oud Zuilen;0333100000015733;Restaurant Belle;Bijker, W.H.;Water Natuurlijk;0;133341;459915;52.12702;5.07091;133378;460449;52.12702;5.07091;133378;460449;52.13182;5.71418;Oud Zuilen;6
WS-HDSR2019;G1904;Stichtse Vecht;WK190411;Oud Zuilen;BU19041101;Oud Zuilen;0333100000015733;Restaurant Belle;Tigchelhoff, A.;Water Natuurlijk;0;133341;459915;52.12702;5.07091;133378;460449;52.12702;5.07091;133378;460449;52.13182;5.71418;Oud Zuilen;6
WS-HDSR2019;G1904;Stichtse Vecht;WK190411;Oud Zuilen;BU19041101;Oud Zuilen;0333100000015733;Restaurant Belle;Kloppenborg, J.F.M.;Water Natuurlijk;0;133341;459915;52.12702;5.07091;133378;460449;52.12702;5.07091;133378;460449;52.13182;5.71418;Oud Zuilen;6
WS-HDSR2019;G1904;Stichtse Vecht;WK190411;Oud Zuilen;BU19041101;Oud Zuilen;0333100000015733;Restaurant Belle;Goedvolk, P.A.M.;Water Natuurlijk;0;133341;459915;52.12702;5.07091;133378;460449;52.12702;5.07091;133378;460449;52.13182;5.71418;Oud Zuilen;6
WS-HDSR2019;G1904;Stichtse Vecht;WK190411;Oud Zuilen;BU19041101;Oud Zuilen;0333100000015733;Restaurant Belle;Ket, P.C.;Water Natuurlijk;0;133341;459915;52.12702;5.07091;133378;460449;52.12702;5.07091;133378;460449;52.13182;5.71418;Oud Zuilen;6
WS-HDSR2019;G1904;Stichtse Vecht;WK190411;Oud Zuilen;BU19041101;Oud Zuilen;0333100000015733;Restaurant Belle;Gnodde, M.W.J.;Water Natuurlijk;0;133341;459915;52.12702;5.07091;133378;460449;52.12702;5.07091;133378;460449;52.13182;5.71418;Oud Zuilen;6
WS-HDSR2019;G1904;Stichtse Vecht;WK190411;Oud Zuilen;BU19041101;Oud Zuilen;0333100000015733;Restaurant Belle;Zandvliet, H.C.A.;Water Natuurlijk;0;133341;459915;52.12702;5.07091;133378;460449;52.12702;5.07091;133378;460449;52.13182;5.71418;Oud Zuilen;6
WS-HDSR2019;G1904;Stichtse Vecht;WK190411;Oud Zuilen;BU19041101;Oud Zuilen;0333100000015733;Restaurant Belle;Karelse, J.J.H.G.D.;Water Natuurlijk;0;133341;459915;52.12702;5.07091;133378;460449;52.12702;5.07091;133378;460449;52.13182;5.71418;Oud Zuilen;6
WS-HDSR2019;G1904;Stichtse Vecht;WK190411;Oud Zuilen;BU19041101;Oud Zuilen;0333100000015733;Restaurant Belle;Schuhmacher, T.;Water Natuurlijk;20;133341;459915;52.12702;5.07091;133378;460449;52.12702;5.07091;133378;460449;52.13182;5.71418;Oud Zuilen;6
WS-HDSR2019;G1904;Stichtse Vecht;WK190411;Oud Zuilen;BU19041101;Oud Zuilen;0333100000015733;Restaurant Belle;Dirkse, F.R.;Water Natuurlijk;0;133341;459915;52.12702;5.07091;133378;460449;52.12702;5.07091;133378;460449;52.13182;5.71418;Oud Zuilen;6
WS-HDSR2019;G1904;Stichtse Vecht;WK190411;Oud Zuilen;BU19041101;Oud Zuilen;0333100000015733;Restaurant Belle;Hoogeveen, H.J.;Water Natuurlijk;0;133341;459915;52.12702;5.07091;133378;460449;52.12702;5.07091;133378;460449;52.13182;5.71418;Oud Zuilen;6
WS-HDSR2019;G1904;Stichtse Vecht;WK190411;Oud Zuilen;BU19041101;Oud Zuilen;0333100000015733;Restaurant Belle;Langenbach, J.W.H.;Water Natuurlijk;0;133341;459915;52.12702;5.07091;133378;460449;52.12702;5.07091;133378;460449;52.13182;5.71418;Oud Zuilen;6
WS-HDSR2019;G1904;Stichtse Vecht;WK190411;Oud Zuilen;BU19041101;Oud Zuilen;0333100000015733;Restaurant Belle;Boot, J.L.J.;Water Natuurlijk;0;133341;459915;52.12702;5.07091;133378;460449;52.12702;5.07091;133378;460449;52.13182;5.71418;Oud Zuilen;6
WS-HDSR2019;G1904;Stichtse Vecht;WK190411;Oud Zuilen;BU19041101;Oud Zuilen;0333100000015733;Restaurant Belle;van der Vorm-Gouman, E.;Water Natuurlijk;0;133341;459915;52.12702;5.07091;133378;460449;52.12702;5.07091;133378;460449;52.13182;5.71418;Oud Zuilen;6
WS-HDSR2019;G1904;Stichtse Vecht;WK190411;Oud Zuilen;BU19041101;Oud Zuilen;0333100000015733;Restaurant Belle;Jansen, G.J.P.;Water Natuurlijk;0;133341;459915;52.12702;5.07091;133378;460449;52.12702;5.07091;133378;460449;52.13182;5.71418;Oud Zuilen;6
WS-HDSR2019;G1904;Stichtse Vecht;WK190411;Oud Zuilen;BU19041101;Oud Zuilen;0333100000015733;Restaurant Belle;Becht, G.F.;Water Natuurlijk;0;133341;459915;52.12702;5.07091;133378;460449;52.12702;5.07091;133378;460449;52.13182;5.71418;Oud Zuilen;6
WS-HDSR2019;G1904;Stichtse Vecht;WK190411;Oud Zuilen;BU19041101;Oud Zuilen;0333100000015733;Restaurant Belle;van Oostenbrugge, R.;Water Natuurlijk;0;133341;459915;52.12702;5.07091;133378;460449;52.12702;5.07091;133378;460449;52.13182;5.71418;Oud Zuilen;6
WS-HDSR2019;G1904;Stichtse Vecht;WK190411;Oud Zuilen;BU19041101;Oud Zuilen;0333100000015733;Restaurant Belle;de Jonge, P.C.;Water Natuurlijk;0;133341;459915;52.12702;5.07091;133378;460449;52.12702;5.07091;133378;460449;52.13182;5.71418;Oud Zuilen;6
WS-HDSR2019;G1904;Stichtse Vecht;WK190411;Oud Zuilen;BU19041101;Oud Zuilen;0333100000015733;Restaurant Belle;Naber, J.M.L.;Water Natuurlijk;0;133341;459915;52.12702;5.07091;133378;460449;52.12702;5.07091;133378;460449;52.13182;5.71418;Oud Zuilen;6
WS-HDSR2019;G1904;Stichtse Vecht;WK190411;Oud Zuilen;BU19041101;Oud Zuilen;0333100000015733;Restaurant Belle;Duindam, J.I.M.;Water Natuurlijk;0;133341;459915;52.12702;5.07091;133378;460449;52.12702;5.07091;133378;460449;52.13182;5.71418;Oud Zuilen;6
WS-HDSR2019;G1904;Stichtse Vecht;WK190411;Oud Zuilen;BU19041101;Oud Zuilen;0333100000015733;Restaurant Belle;Lintmeijer, F.C.W.C.;Water Natuurlijk;0;133341;459915;52.12702;5.07091;133378;460449;52.12702;5.07091;133378;460449;52.13182;5.71418;Oud Zuilen;6
WS-HDSR2019;G1904;Stichtse Vecht;WK190411;Oud Zuilen;BU19041101;Oud Zuilen;0333100000015733;Restaurant Belle;Koster-Dreese, Y.;Water Natuurlijk;0;133341;459915;52.12702;5.07091;133378;460449;52.12702;5.07091;133378;460449;52.13182;5.71418;Oud Zuilen;6
WS-HDSR2019;G1904;Stichtse Vecht;WK190411;Oud Zuilen;BU19041101;Oud Zuilen;0333100000015733;Restaurant Belle;Beugelink, G.P.;Water Natuurlijk;0;133341;459915;52.12702;5.07091;133378;460449;52.12702;5.07091;133378;460449;52.13182;5.71418;Oud Zuilen;6
WS-HDSR2019;G1904;Stichtse Vecht;WK190411;Oud Zuilen;BU19041101;Oud Zuilen;0333100000015733;Restaurant Belle;van Essen, H.P.;Water Natuurlijk;0;133341;459915;52.12702;5.07091;133378;460449;52.12702;5.07091;133378;460449;52.13182;5.71418;Oud Zuilen;6
WS-HDSR2019;G1904;Stichtse Vecht;WK190411;Oud Zuilen;BU19041101;Oud Zuilen;0333100000015733;Restaurant Belle;Snoeren, P.W.M.;Water Natuurlijk;0;133341;459915;52.12702;5.07091;133378;460449;52.12702;5.07091;133378;460449;52.13182;5.71418;Oud Zuilen;6
WS-HDSR2019;G1904;Stichtse Vecht;WK190411;Oud Zuilen;BU19041101;Oud Zuilen;0333100000015733;Restaurant Belle;Groenendijk, S.;VVD;149;133341;459915;52.12702;5.07091;133378;460449;52.12702;5.07091;133378;460449;52.13182;5.71418;Oud Zuilen;6
WS-HDSR2019;G1904;Stichtse Vecht;WK190411;Oud Zuilen;BU19041101;Oud Zuilen;0333100000015733;Restaurant Belle;van der Sterre, P.J.;VVD;3;133341;459915;52.12702;5.07091;133378;460449;52.12702;5.07091;133378;460449;52.13182;5.71418;Oud Zuilen;6
WS-HDSR2019;G1904;Stichtse Vecht;WK190411;Oud Zuilen;BU19041101;Oud Zuilen;0333100000015733;Restaurant Belle;Eijsbroek, N.;VVD;38;133341;459915;52.12702;5.07091;133378;460449;52.12702;5.07091;133378;460449;52.13182;5.71418;Oud Zuilen;6
WS-HDSR2019;G1904;Stichtse Vecht;WK190411;Oud Zuilen;BU19041101;Oud Zuilen;0333100000015733;Restaurant Belle;van Winden, A.J.;VVD;0;133341;459915;52.12702;5.07091;133378;460449;52.12702;5.07091;133378;460449;52.13182;5.71418;Oud Zuilen;6
WS-HDSR2019;G1904;Stichtse Vecht;WK190411;Oud Zuilen;BU19041101;Oud Zuilen;0333100000015733;Restaurant Belle;van Baaren, J.;VVD;1;133341;459915;52.12702;5.07091;133378;460449;52.12702;5.07091;133378;460449;52.13182;5.71418;Oud Zuilen;6
WS-HDSR2019;G1904;Stichtse Vecht;WK190411;Oud Zuilen;BU19041101;Oud Zuilen;0333100000015733;Restaurant Belle;Kapper, S.R.;VVD;3;133341;459915;52.12702;5.07091;133378;460449;52.12702;5.07091;133378;460449;52.13182;5.71418;Oud Zuilen;6
WS-HDSR2019;G1904;Stichtse Vecht;WK190411;Oud Zuilen;BU19041101;Oud Zuilen;0333100000015733;Restaurant Belle;Michielsen, P.F.M.;VVD;0;133341;459915;52.12702;5.07091;133378;460449;52.12702;5.07091;133378;460449;52.13182;5.71418;Oud Zuilen;6
WS-HDSR2019;G1904;Stichtse Vecht;WK190411;Oud Zuilen;BU19041101;Oud Zuilen;0333100000015733;Restaurant Belle;Trapman, E.G.J.H.;VVD;0;133341;459915;52.12702;5.07091;133378;460449;52.12702;5.07091;133378;460449;52.13182;5.71418;Oud Zuilen;6
WS-HDSR2019;G1904;Stichtse Vecht;WK190411;Oud Zuilen;BU19041101;Oud Zuilen;0333100000015733;Restaurant Belle;de Jong, B.;CDA;34;133341;459915;52.12702;5.07091;133378;460449;52.12702;5.07091;133378;460449;52.13182;5.71418;Oud Zuilen;6
WS-HDSR2019;G1904;Stichtse Vecht;WK190411;Oud Zuilen;BU19041101;Oud Zuilen;0333100000015733;Restaurant Belle;Sommer-de Vries, K.H.;CDA;15;133341;459915;52.12702;5.07091;133378;460449;52.12702;5.07091;133378;460449;52.13182;5.71418;Oud Zuilen;6
WS-HDSR2019;G1904;Stichtse Vecht;WK190411;Oud Zuilen;BU19041101;Oud Zuilen;0333100000015733;Restaurant Belle;Droogers, J.A.G.W.;CDA;1;133341;459915;52.12702;5.07091;133378;460449;52.12702;5.07091;133378;460449;52.13182;5.71418;Oud Zuilen;6
WS-HDSR2019;G1904;Stichtse Vecht;WK190411;Oud Zuilen;BU19041101;Oud Zuilen;0333100000015733;Restaurant Belle;Bakker, P.J.I.;CDA;0;133341;459915;52.12702;5.07091;133378;460449;52.12702;5.07091;133378;460449;52.13182;5.71418;Oud Zuilen;6
WS-HDSR2019;G1904;Stichtse Vecht;WK190411;Oud Zuilen;BU19041101;Oud Zuilen;0333100000015733;Restaurant Belle;de Roos, T.L.;CDA;0;133341;459915;52.12702;5.07091;133378;460449;52.12702;5.07091;133378;460449;52.13182;5.71418;Oud Zuilen;6
WS-HDSR2019;G1904;Stichtse Vecht;WK190411;Oud Zuilen;BU19041101;Oud Zuilen;0333100000015733;Restaurant Belle;Roorda, F.A.;CDA;1;133341;459915;52.12702;5.07091;133378;460449;52.12702;5.07091;133378;460449;52.13182;5.71418;Oud Zuilen;6
WS-HDSR2019;G1904;Stichtse Vecht;WK190411;Oud Zuilen;BU19041101;Oud Zuilen;0333100000015733;Restaurant Belle;Adriani-Wempe, H.J.;CDA;0;133341;459915;52.12702;5.07091;133378;460449;52.12702;5.07091;133378;460449;52.13182;5.71418;Oud Zuilen;6
WS-HDSR2019;G1904;Stichtse Vecht;WK190411;Oud Zuilen;BU19041101;Oud Zuilen;0333100000015733;Restaurant Belle;Verbij, A.L.G.;CDA;0;133341;459915;52.12702;5.07091;133378;460449;52.12702;5.07091;133378;460449;52.13182;5.71418;Oud Zuilen;6
WS-HDSR2019;G1904;Stichtse Vecht;WK190411;Oud Zuilen;BU19041101;Oud Zuilen;0333100000015733;Restaurant Belle;van Arendonk, L.A.A.M.;CDA;0;133341;459915;52.12702;5.07091;133378;460449;52.12702;5.07091;133378;460449;52.13182;5.71418;Oud Zuilen;6
WS-HDSR2019;G1904;Stichtse Vecht;WK190411;Oud Zuilen;BU19041101;Oud Zuilen;0333100000015733;Restaurant Belle;van Petersen, H.G.J.;CDA;0;133341;459915;52.12702;5.07091;133378;460449;52.12702;5.07091;133378;460449;52.13182;5.71418;Oud Zuilen;6
WS-HDSR2019;G1904;Stichtse Vecht;WK190411;Oud Zuilen;BU19041101;Oud Zuilen;0333100000015733;Restaurant Belle;Vinkenburg, J.H.W.M.;CDA;0;133341;459915;52.12702;5.07091;133378;460449;52.12702;5.07091;133378;460449;52.13182;5.71418;Oud Zuilen;6
WS-HDSR2019;G1904;Stichtse Vecht;WK190411;Oud Zuilen;BU19041101;Oud Zuilen;0333100000015733;Restaurant Belle;van der Spek, W.J.;CDA;0;133341;459915;52.12702;5.07091;133378;460449;52.12702;5.07091;133378;460449;52.13182;5.71418;Oud Zuilen;6
WS-HDSR2019;G1904;Stichtse Vecht;WK190411;Oud Zuilen;BU19041101;Oud Zuilen;0333100000015733;Restaurant Belle;de Regt, A.M.;CDA;0;133341;459915;52.12702;5.07091;133378;460449;52.12702;5.07091;133378;460449;52.13182;5.71418;Oud Zuilen;6
WS-HDSR2019;G1904;Stichtse Vecht;WK190411;Oud Zuilen;BU19041101;Oud Zuilen;0333100000015733;Restaurant Belle;Overbeek, K.B.J.;CDA;12;133341;459915;52.12702;5.07091;133378;460449;52.12702;5.07091;133378;460449;52.13182;5.71418;Oud Zuilen;6
WS-HDSR2019;G1904;Stichtse Vecht;WK190411;Oud Zuilen;BU19041101;Oud Zuilen;0333100000015733;Restaurant Belle;Jonkers, C.A.;CDA;0;133341;459915;52.12702;5.07091;133378;460449;52.12702;5.07091;133378;460449;52.13182;5.71418;Oud Zuilen;6
WS-HDSR2019;G1904;Stichtse Vecht;WK190411;Oud Zuilen;BU19041101;Oud Zuilen;0333100000015733;Restaurant Belle;Bunnik, R.P.;CDA;0;133341;459915;52.12702;5.07091;133378;460449;52.12702;5.07091;133378;460449;52.13182;5.71418;Oud Zuilen;6
WS-HDSR2019;G1904;Stichtse Vecht;WK190411;Oud Zuilen;BU19041101;Oud Zuilen;0333100000015733;Restaurant Belle;van der Honing, H.;CDA;0;133341;459915;52.12702;5.07091;133378;460449;52.12702;5.07091;133378;460449;52.13182;5.71418;Oud Zuilen;6
WS-HDSR2019;G1904;Stichtse Vecht;WK190411;Oud Zuilen;BU19041101;Oud Zuilen;0333100000015733;Restaurant Belle;Keestra, J.M.;CDA;0;133341;459915;52.12702;5.07091;133378;460449;52.12702;5.07091;133378;460449;52.13182;5.71418;Oud Zuilen;6
WS-HDSR2019;G1904;Stichtse Vecht;WK190411;Oud Zuilen;BU19041101;Oud Zuilen;0333100000015733;Restaurant Belle;van Wijk, W.A.M.;CDA;0;133341;459915;52.12702;5.07091;133378;460449;52.12702;5.07091;133378;460449;52.13182;5.71418;Oud Zuilen;6
WS-HDSR2019;G1904;Stichtse Vecht;WK190411;Oud Zuilen;BU19041101;Oud Zuilen;0333100000015733;Restaurant Belle;Vernie, L.N.;CDA;0;133341;459915;52.12702;5.07091;133378;460449;52.12702;5.07091;133378;460449;52.13182;5.71418;Oud Zuilen;6
WS-HDSR2019;G1904;Stichtse Vecht;WK190411;Oud Zuilen;BU19041101;Oud Zuilen;0333100000015733;Restaurant Belle;Tiggeloven, A.B.M.;CDA;0;133341;459915;52.12702;5.07091;133378;460449;52.12702;5.07091;133378;460449;52.13182;5.71418;Oud Zuilen;6
WS-HDSR2019;G1904;Stichtse Vecht;WK190411;Oud Zuilen;BU19041101;Oud Zuilen;0333100000015733;Restaurant Belle;Muijs, A.J.A.;CDA;0;133341;459915;52.12702;5.07091;133378;460449;52.12702;5.07091;133378;460449;52.13182;5.71418;Oud Zuilen;6
WS-HDSR2019;G1904;Stichtse Vecht;WK190411;Oud Zuilen;BU19041101;Oud Zuilen;0333100000015733;Restaurant Belle;van Kippersluis, F.P.;CDA;0;133341;459915;52.12702;5.07091;133378;460449;52.12702;5.07091;133378;460449;52.13182;5.71418;Oud Zuilen;6
WS-HDSR2019;G1904;Stichtse Vecht;WK190411;Oud Zuilen;BU19041101;Oud Zuilen;0333100000015733;Restaurant Belle;Migchels, G.;CDA;0;133341;459915;52.12702;5.07091;133378;460449;52.12702;5.07091;133378;460449;52.13182;5.71418;Oud Zuilen;6
WS-HDSR2019;G1904;Stichtse Vecht;WK190411;Oud Zuilen;BU19041101;Oud Zuilen;0333100000015733;Restaurant Belle;Baars, J.G.;CDA;0;133341;459915;52.12702;5.07091;133378;460449;52.12702;5.07091;133378;460449;52.13182;5.71418;Oud Zuilen;6
WS-HDSR2019;G1904;Stichtse Vecht;WK190411;Oud Zuilen;BU19041101;Oud Zuilen;0333100000015733;Restaurant Belle;Blom-Oosterhoff, R.C.;CDA;2;133341;459915;52.12702;5.07091;133378;460449;52.12702;5.07091;133378;460449;52.13182;5.71418;Oud Zuilen;6
WS-HDSR2019;G1904;Stichtse Vecht;WK190411;Oud Zuilen;BU19041101;Oud Zuilen;0333100000015733;Restaurant Belle;Jansen op de Haar, C.G.;Partij van de Arbeid (P.v.d.A.);14;133341;459915;52.12702;5.07091;133378;460449;52.12702;5.07091;133378;460449;52.13182;5.71418;Oud Zuilen;6
WS-HDSR2019;G1904;Stichtse Vecht;WK190411;Oud Zuilen;BU19041101;Oud Zuilen;0333100000015733;Restaurant Belle;van Zoelen, N.M.;Partij van de Arbeid (P.v.d.A.);11;133341;459915;52.12702;5.07091;133378;460449;52.12702;5.07091;133378;460449;52.13182;5.71418;Oud Zuilen;6
WS-HDSR2019;G1904;Stichtse Vecht;WK190411;Oud Zuilen;BU19041101;Oud Zuilen;0333100000015733;Restaurant Belle;van Bork, F.J.;Partij van de Arbeid (P.v.d.A.);2;133341;459915;52.12702;5.07091;133378;460449;52.12702;5.07091;133378;460449;52.13182;5.71418;Oud Zuilen;6
WS-HDSR2019;G1904;Stichtse Vecht;WK190411;Oud Zuilen;BU19041101;Oud Zuilen;0333100000015733;Restaurant Belle;Heesen, W.A.;Partij van de Arbeid (P.v.d.A.);0;133341;459915;52.12702;5.07091;133378;460449;52.12702;5.07091;133378;460449;52.13182;5.71418;Oud Zuilen;6
WS-HDSR2019;G1904;Stichtse Vecht;WK190411;Oud Zuilen;BU19041101;Oud Zuilen;0333100000015733;Restaurant Belle;Reerink, J.G.M.;Partij van de Arbeid (P.v.d.A.);0;133341;459915;52.12702;5.07091;133378;460449;52.12702;5.07091;133378;460449;52.13182;5.71418;Oud Zuilen;6
WS-HDSR2019;G1904;Stichtse Vecht;WK190411;Oud Zuilen;BU19041101;Oud Zuilen;0333100000015733;Restaurant Belle;Mulder, G.G.J.;Partij van de Arbeid (P.v.d.A.);0;133341;459915;52.12702;5.07091;133378;460449;52.12702;5.07091;133378;460449;52.13182;5.71418;Oud Zuilen;6
WS-HDSR2019;G1904;Stichtse Vecht;WK190411;Oud Zuilen;BU19041101;Oud Zuilen;0333100000015733;Restaurant Belle;Steen, J.H.;Partij van de Arbeid (P.v.d.A.);1;133341;459915;52.12702;5.07091;133378;460449;52.12702;5.07091;133378;460449;52.13182;5.71418;Oud Zuilen;6
WS-HDSR2019;G1904;Stichtse Vecht;WK190411;Oud Zuilen;BU19041101;Oud Zuilen;0333100000015733;Restaurant Belle;Jeddaoui, S.;Partij van de Arbeid (P.v.d.A.);10;133341;459915;52.12702;5.07091;133378;460449;52.12702;5.07091;133378;460449;52.13182;5.71418;Oud Zuilen;6
WS-HDSR2019;G1904;Stichtse Vecht;WK190411;Oud Zuilen;BU19041101;Oud Zuilen;0333100000015733;Restaurant Belle;Meijerink, M.S.J.;Partij van de Arbeid (P.v.d.A.);0;133341;459915;52.12702;5.07091;133378;460449;52.12702;5.07091;133378;460449;52.13182;5.71418;Oud Zuilen;6
WS-HDSR2019;G1904;Stichtse Vecht;WK190411;Oud Zuilen;BU19041101;Oud Zuilen;0333100000015733;Restaurant Belle;Dubbink, J.;Partij van de Arbeid (P.v.d.A.);2;133341;459915;52.12702;5.07091;133378;460449;52.12702;5.07091;133378;460449;52.13182;5.71418;Oud Zuilen;6
WS-HDSR2019;G1904;Stichtse Vecht;WK190411;Oud Zuilen;BU19041101;Oud Zuilen;0333100000015733;Restaurant Belle;Kaas, D.;Partij van de Arbeid (P.v.d.A.);0;133341;459915;52.12702;5.07091;133378;460449;52.12702;5.07091;133378;460449;52.13182;5.71418;Oud Zuilen;6
WS-HDSR2019;G1904;Stichtse Vecht;WK190411;Oud Zuilen;BU19041101;Oud Zuilen;0333100000015733;Restaurant Belle;van Dijk, M.J.;Partij van de Arbeid (P.v.d.A.);4;133341;459915;52.12702;5.07091;133378;460449;52.12702;5.07091;133378;460449;52.13182;5.71418;Oud Zuilen;6
WS-HDSR2019;G1904;Stichtse Vecht;WK190411;Oud Zuilen;BU19041101;Oud Zuilen;0333100000015733;Restaurant Belle;Boer, A.;Partij van de Arbeid (P.v.d.A.);0;133341;459915;52.12702;5.07091;133378;460449;52.12702;5.07091;133378;460449;52.13182;5.71418;Oud Zuilen;6
WS-HDSR2019;G1904;Stichtse Vecht;WK190411;Oud Zuilen;BU19041101;Oud Zuilen;0333100000015733;Restaurant Belle;Dibi, B.;Partij van de Arbeid (P.v.d.A.);1;133341;459915;52.12702;5.07091;133378;460449;52.12702;5.07091;133378;460449;52.13182;5.71418;Oud Zuilen;6
WS-HDSR2019;G1904;Stichtse Vecht;WK190411;Oud Zuilen;BU19041101;Oud Zuilen;0333100000015733;Restaurant Belle;van Hoof-Ward, M.;Partij van de Arbeid (P.v.d.A.);0;133341;459915;52.12702;5.07091;133378;460449;52.12702;5.07091;133378;460449;52.13182;5.71418;Oud Zuilen;6
WS-HDSR2019;G1904;Stichtse Vecht;WK190411;Oud Zuilen;BU19041101;Oud Zuilen;0333100000015733;Restaurant Belle;van Alfen, I.H.;Partij van de Arbeid (P.v.d.A.);0;133341;459915;52.12702;5.07091;133378;460449;52.12702;5.07091;133378;460449;52.13182;5.71418;Oud Zuilen;6
WS-HDSR2019;G1904;Stichtse Vecht;WK190411;Oud Zuilen;BU19041101;Oud Zuilen;0333100000015733;Restaurant Belle;Vellekoop, L.E.C.;Partij van de Arbeid (P.v.d.A.);0;133341;459915;52.12702;5.07091;133378;460449;52.12702;5.07091;133378;460449;52.13182;5.71418;Oud Zuilen;6
WS-HDSR2019;G1904;Stichtse Vecht;WK190411;Oud Zuilen;BU19041101;Oud Zuilen;0333100000015733;Restaurant Belle;Travaille, A.;Partij voor de Dieren;45;133341;459915;52.12702;5.07091;133378;460449;52.12702;5.07091;133378;460449;52.13182;5.71418;Oud Zuilen;6
WS-HDSR2019;G1904;Stichtse Vecht;WK190411;Oud Zuilen;BU19041101;Oud Zuilen;0333100000015733;Restaurant Belle;van der Steeg, W.;Partij voor de Dieren;4;133341;459915;52.12702;5.07091;133378;460449;52.12702;5.07091;133378;460449;52.13182;5.71418;Oud Zuilen;6
WS-HDSR2019;G1904;Stichtse Vecht;WK190411;Oud Zuilen;BU19041101;Oud Zuilen;0333100000015733;Restaurant Belle;van der Kruk, R.;Partij voor de Dieren;0;133341;459915;52.12702;5.07091;133378;460449;52.12702;5.07091;133378;460449;52.13182;5.71418;Oud Zuilen;6
WS-HDSR2019;G1904;Stichtse Vecht;WK190411;Oud Zuilen;BU19041101;Oud Zuilen;0333100000015733;Restaurant Belle;Dam, F.;Partij voor de Dieren;1;133341;459915;52.12702;5.07091;133378;460449;52.12702;5.07091;133378;460449;52.13182;5.71418;Oud Zuilen;6
WS-HDSR2019;G1904;Stichtse Vecht;WK190411;Oud Zuilen;BU19041101;Oud Zuilen;0333100000015733;Restaurant Belle;Hendriks, M.A.;Partij voor de Dieren;14;133341;459915;52.12702;5.07091;133378;460449;52.12702;5.07091;133378;460449;52.13182;5.71418;Oud Zuilen;6
WS-HDSR2019;G1904;Stichtse Vecht;WK190411;Oud Zuilen;BU19041101;Oud Zuilen;0333100000015733;Restaurant Belle;Korteweg, E.I.;Partij voor de Dieren;1;133341;459915;52.12702;5.07091;133378;460449;52.12702;5.07091;133378;460449;52.13182;5.71418;Oud Zuilen;6
WS-HDSR2019;G1904;Stichtse Vecht;WK190411;Oud Zuilen;BU19041101;Oud Zuilen;0333100000015733;Restaurant Belle;Verkleij-Torenbeek, C.;Partij voor de Dieren;0;133341;459915;52.12702;5.07091;133378;460449;52.12702;5.07091;133378;460449;52.13182;5.71418;Oud Zuilen;6
WS-HDSR2019;G1904;Stichtse Vecht;WK190411;Oud Zuilen;BU19041101;Oud Zuilen;0333100000015733;Restaurant Belle;Oskam, S.W.;Partij voor de Dieren;1;133341;459915;52.12702;5.07091;133378;460449;52.12702;5.07091;133378;460449;52.13182;5.71418;Oud Zuilen;6
WS-HDSR2019;G1904;Stichtse Vecht;WK190411;Oud Zuilen;BU19041101;Oud Zuilen;0333100000015733;Restaurant Belle;Bodewitz, W.A.;Partij voor de Dieren;0;133341;459915;52.12702;5.07091;133378;460449;52.12702;5.07091;133378;460449;52.13182;5.71418;Oud Zuilen;6
WS-HDSR2019;G1904;Stichtse Vecht;WK190411;Oud Zuilen;BU19041101;Oud Zuilen;0333100000015733;Restaurant Belle;Verkaik, E.;Waterschap@inwonersbelangen;5;133341;459915;52.12702;5.07091;133378;460449;52.12702;5.07091;133378;460449;52.13182;5.71418;Oud Zuilen;6
WS-HDSR2019;G1904;Stichtse Vecht;WK190411;Oud Zuilen;BU19041101;Oud Zuilen;0333100000015733;Restaurant Belle;Ketting, H.B.G.;Waterschap@inwonersbelangen;3;133341;459915;52.12702;5.07091;133378;460449;52.12702;5.07091;133378;460449;52.13182;5.71418;Oud Zuilen;6
WS-HDSR2019;G1904;Stichtse Vecht;WK190411;Oud Zuilen;BU19041101;Oud Zuilen;0333100000015733;Restaurant Belle;Haaxma, A.;Waterschap@inwonersbelangen;2;133341;459915;52.12702;5.07091;133378;460449;52.12702;5.07091;133378;460449;52.13182;5.71418;Oud Zuilen;6
WS-HDSR2019;G1904;Stichtse Vecht;WK190411;Oud Zuilen;BU19041101;Oud Zuilen;0333100000015733;Restaurant Belle;Zandbergen, G.;Waterschap@inwonersbelangen;0;133341;459915;52.12702;5.07091;133378;460449;52.12702;5.07091;133378;460449;52.13182;5.71418;Oud Zuilen;6
WS-HDSR2019;G1904;Stichtse Vecht;WK190411;Oud Zuilen;BU19041101;Oud Zuilen;0333100000015733;Restaurant Belle;van Leeuwen-van der Horst, L.P.T.;Waterschap@inwonersbelangen;0;133341;459915;52.12702;5.07091;133378;460449;52.12702;5.07091;133378;460449;52.13182;5.71418;Oud Zuilen;6
WS-HDSR2019;G1904;Stichtse Vecht;WK190411;Oud Zuilen;BU19041101;Oud Zuilen;0333100000015733;Restaurant Belle;van der Does, J.C.;Waterschap@inwonersbelangen;0;133341;459915;52.12702;5.07091;133378;460449;52.12702;5.07091;133378;460449;52.13182;5.71418;Oud Zuilen;6
WS-HDSR2019;G1904;Stichtse Vecht;WK190411;Oud Zuilen;BU19041101;Oud Zuilen;0333100000015733;Restaurant Belle;van Niel, D.A.;Waterschap@inwonersbelangen;0;133341;459915;52.12702;5.07091;133378;460449;52.12702;5.07091;133378;460449;52.13182;5.71418;Oud Zuilen;6
WS-HDSR2019;G1904;Stichtse Vecht;WK190411;Oud Zuilen;BU19041101;Oud Zuilen;0333100000015733;Restaurant Belle;Borst-Kruithof, K.;Waterschap@inwonersbelangen;0;133341;459915;52.12702;5.07091;133378;460449;52.12702;5.07091;133378;460449;52.13182;5.71418;Oud Zuilen;6
WS-HDSR2019;G1904;Stichtse Vecht;WK190411;Oud Zuilen;BU19041101;Oud Zuilen;0333100000015733;Restaurant Belle;Voorendt, T.C.M.;Waterschap@inwonersbelangen;0;133341;459915;52.12702;5.07091;133378;460449;52.12702;5.07091;133378;460449;52.13182;5.71418;Oud Zuilen;6
WS-HDSR2019;G1904;Stichtse Vecht;WK190411;Oud Zuilen;BU19041101;Oud Zuilen;0333100000015733;Restaurant Belle;de With, F.;Waterschap@inwonersbelangen;0;133341;459915;52.12702;5.07091;133378;460449;52.12702;5.07091;133378;460449;52.13182;5.71418;Oud Zuilen;6
WS-HDSR2019;G1904;Stichtse Vecht;WK190411;Oud Zuilen;BU19041101;Oud Zuilen;0333100000015733;Restaurant Belle;Boer, W.J.;Waterschap@inwonersbelangen;0;133341;459915;52.12702;5.07091;133378;460449;52.12702;5.07091;133378;460449;52.13182;5.71418;Oud Zuilen;6
WS-HDSR2019;G1904;Stichtse Vecht;WK190411;Oud Zuilen;BU19041101;Oud Zuilen;0333100000015733;Restaurant Belle;Verkaik, L.J.C.;Waterschap@inwonersbelangen;0;133341;459915;52.12702;5.07091;133378;460449;52.12702;5.07091;133378;460449;52.13182;5.71418;Oud Zuilen;6
WS-HDSR2019;G1904;Stichtse Vecht;WK190411;Oud Zuilen;BU19041101;Oud Zuilen;0333100000015733;Restaurant Belle;Streekstra, S.;Waterschap@inwonersbelangen;0;133341;459915;52.12702;5.07091;133378;460449;52.12702;5.07091;133378;460449;52.13182;5.71418;Oud Zuilen;6
WS-HDSR2019;G1904;Stichtse Vecht;WK190411;Oud Zuilen;BU19041101;Oud Zuilen;0333100000015733;Restaurant Belle;van Kranenburg, C.J.;ChristenUnie;9;133341;459915;52.12702;5.07091;133378;460449;52.12702;5.07091;133378;460449;52.13182;5.71418;Oud Zuilen;6
WS-HDSR2019;G1904;Stichtse Vecht;WK190411;Oud Zuilen;BU19041101;Oud Zuilen;0333100000015733;Restaurant Belle;van de Belt, D.;ChristenUnie;0;133341;459915;52.12702;5.07091;133378;460449;52.12702;5.07091;133378;460449;52.13182;5.71418;Oud Zuilen;6
WS-HDSR2019;G1904;Stichtse Vecht;WK190411;Oud Zuilen;BU19041101;Oud Zuilen;0333100000015733;Restaurant Belle;Pleijsier, C.S.;ChristenUnie;11;133341;459915;52.12702;5.07091;133378;460449;52.12702;5.07091;133378;460449;52.13182;5.71418;Oud Zuilen;6
WS-HDSR2019;G1904;Stichtse Vecht;WK190411;Oud Zuilen;BU19041101;Oud Zuilen;0333100000015733;Restaurant Belle;Zeef, P.H.H.;ChristenUnie;0;133341;459915;52.12702;5.07091;133378;460449;52.12702;5.07091;133378;460449;52.13182;5.71418;Oud Zuilen;6
WS-HDSR2019;G1904;Stichtse Vecht;WK190411;Oud Zuilen;BU19041101;Oud Zuilen;0333100000015733;Restaurant Belle;Voortman, D.G.J.;ChristenUnie;0;133341;459915;52.12702;5.07091;133378;460449;52.12702;5.07091;133378;460449;52.13182;5.71418;Oud Zuilen;6
WS-HDSR2019;G1904;Stichtse Vecht;WK190411;Oud Zuilen;BU19041101;Oud Zuilen;0333100000015733;Restaurant Belle;Snoek, H.C.;ChristenUnie;0;133341;459915;52.12702;5.07091;133378;460449;52.12702;5.07091;133378;460449;52.13182;5.71418;Oud Zuilen;6
WS-HDSR2019;G1904;Stichtse Vecht;WK190411;Oud Zuilen;BU19041101;Oud Zuilen;0333100000015733;Restaurant Belle;van der Grift, C.M.;ChristenUnie;0;133341;459915;52.12702;5.07091;133378;460449;52.12702;5.07091;133378;460449;52.13182;5.71418;Oud Zuilen;6
WS-HDSR2019;G1904;Stichtse Vecht;WK190411;Oud Zuilen;BU19041101;Oud Zuilen;0333100000015733;Restaurant Belle;Reinders, M.J.;ChristenUnie;0;133341;459915;52.12702;5.07091;133378;460449;52.12702;5.07091;133378;460449;52.13182;5.71418;Oud Zuilen;6
WS-HDSR2019;G1904;Stichtse Vecht;WK190411;Oud Zuilen;BU19041101;Oud Zuilen;0333100000015733;Restaurant Belle;Benders-Molenaar, M.;ChristenUnie;1;133341;459915;52.12702;5.07091;133378;460449;52.12702;5.07091;133378;460449;52.13182;5.71418;Oud Zuilen;6
WS-HDSR2019;G1904;Stichtse Vecht;WK190411;Oud Zuilen;BU19041101;Oud Zuilen;0333100000015733;Restaurant Belle;van Wijnen, D.A.;ChristenUnie;0;133341;459915;52.12702;5.07091;133378;460449;52.12702;5.07091;133378;460449;52.13182;5.71418;Oud Zuilen;6
WS-HDSR2019;G1904;Stichtse Vecht;WK190411;Oud Zuilen;BU19041101;Oud Zuilen;0333100000015733;Restaurant Belle;Voorberg, C.Z.;ChristenUnie;0;133341;459915;52.12702;5.07091;133378;460449;52.12702;5.07091;133378;460449;52.13182;5.71418;Oud Zuilen;6
WS-HDSR2019;G1904;Stichtse Vecht;WK190411;Oud Zuilen;BU19041101;Oud Zuilen;0333100000015733;Restaurant Belle;Roetman, I.C.;ChristenUnie;5;133341;459915;52.12702;5.07091;133378;460449;52.12702;5.07091;133378;460449;52.13182;5.71418;Oud Zuilen;6
WS-HDSR2019;G1904;Stichtse Vecht;WK190411;Oud Zuilen;BU19041101;Oud Zuilen;0333100000015733;Restaurant Belle;Wentink, A.G.;ChristenUnie;0;133341;459915;52.12702;5.07091;133378;460449;52.12702;5.07091;133378;460449;52.13182;5.71418;Oud Zuilen;6
WS-HDSR2019;G1904;Stichtse Vecht;WK190411;Oud Zuilen;BU19041101;Oud Zuilen;0333100000015733;Restaurant Belle;Pape-van Genderen, C.A.;ChristenUnie;0;133341;459915;52.12702;5.07091;133378;460449;52.12702;5.07091;133378;460449;52.13182;5.71418;Oud Zuilen;6
WS-HDSR2019;G1904;Stichtse Vecht;WK190411;Oud Zuilen;BU19041101;Oud Zuilen;0333100000015733;Restaurant Belle;Taute, G.;ChristenUnie;0;133341;459915;52.12702;5.07091;133378;460449;52.12702;5.07091;133378;460449;52.13182;5.71418;Oud Zuilen;6
WS-HDSR2019;G1904;Stichtse Vecht;WK190411;Oud Zuilen;BU19041101;Oud Zuilen;0333100000015733;Restaurant Belle;Meijer, J.H.;ChristenUnie;0;133341;459915;52.12702;5.07091;133378;460449;52.12702;5.07091;133378;460449;52.13182;5.71418;Oud Zuilen;6
WS-HDSR2019;G1904;Stichtse Vecht;WK190411;Oud Zuilen;BU19041101;Oud Zuilen;0333100000015733;Restaurant Belle;van Dalen-van Hierden, B.;ChristenUnie;0;133341;459915;52.12702;5.07091;133378;460449;52.12702;5.07091;133378;460449;52.13182;5.71418;Oud Zuilen;6
WS-HDSR2019;G1904;Stichtse Vecht;WK190411;Oud Zuilen;BU19041101;Oud Zuilen;0333100000015733;Restaurant Belle;van der Ven, A.;ChristenUnie;0;133341;459915;52.12702;5.07091;133378;460449;52.12702;5.07091;133378;460449;52.13182;5.71418;Oud Zuilen;6
WS-HDSR2019;G1904;Stichtse Vecht;WK190411;Oud Zuilen;BU19041101;Oud Zuilen;0333100000015733;Restaurant Belle;van Utrecht, D.;ChristenUnie;1;133341;459915;52.12702;5.07091;133378;460449;52.12702;5.07091;133378;460449;52.13182;5.71418;Oud Zuilen;6
WS-HDSR2019;G1904;Stichtse Vecht;WK190411;Oud Zuilen;BU19041101;Oud Zuilen;0333100000015733;Restaurant Belle;Lont, B.C.;ChristenUnie;0;133341;459915;52.12702;5.07091;133378;460449;52.12702;5.07091;133378;460449;52.13182;5.71418;Oud Zuilen;6
WS-HDSR2019;G1904;Stichtse Vecht;WK190411;Oud Zuilen;BU19041101;Oud Zuilen;0333100000015733;Restaurant Belle;Bos, P.W.;ChristenUnie;0;133341;459915;52.12702;5.07091;133378;460449;52.12702;5.07091;133378;460449;52.13182;5.71418;Oud Zuilen;6
WS-HDSR2019;G1904;Stichtse Vecht;WK190411;Oud Zuilen;BU19041101;Oud Zuilen;0333100000015733;Restaurant Belle;Kool, A.;ChristenUnie;0;133341;459915;52.12702;5.07091;133378;460449;52.12702;5.07091;133378;460449;52.13182;5.71418;Oud Zuilen;6
WS-HDSR2019;G1904;Stichtse Vecht;WK190411;Oud Zuilen;BU19041101;Oud Zuilen;0333100000015733;Restaurant Belle;Schaddelee, A.J.;ChristenUnie;0;133341;459915;52.12702;5.07091;133378;460449;52.12702;5.07091;133378;460449;52.13182;5.71418;Oud Zuilen;6
WS-HDSR2019;G1904;Stichtse Vecht;WK190411;Oud Zuilen;BU19041101;Oud Zuilen;0333100000015733;Restaurant Belle;Dieperink, C.;AWP niet politiek, wel deskundig;19;133341;459915;52.12702;5.07091;133378;460449;52.12702;5.07091;133378;460449;52.13182;5.71418;Oud Zuilen;6
WS-HDSR2019;G1904;Stichtse Vecht;WK190411;Oud Zuilen;BU19041101;Oud Zuilen;0333100000015733;Restaurant Belle;Verweij, J.P.;AWP niet politiek, wel deskundig;0;133341;459915;52.12702;5.07091;133378;460449;52.12702;5.07091;133378;460449;52.13182;5.71418;Oud Zuilen;6
WS-HDSR2019;G1904;Stichtse Vecht;WK190411;Oud Zuilen;BU19041101;Oud Zuilen;0333100000015733;Restaurant Belle;Moinier, S.;AWP niet politiek, wel deskundig;11;133341;459915;52.12702;5.07091;133378;460449;52.12702;5.07091;133378;460449;52.13182;5.71418;Oud Zuilen;6
WS-HDSR2019;G1904;Stichtse Vecht;WK190411;Oud Zuilen;BU19041101;Oud Zuilen;0333100000015733;Restaurant Belle;Heidema, A.;AWP niet politiek, wel deskundig;0;133341;459915;52.12702;5.07091;133378;460449;52.12702;5.07091;133378;460449;52.13182;5.71418;Oud Zuilen;6
WS-HDSR2019;G1904;Stichtse Vecht;WK190411;Oud Zuilen;BU19041101;Oud Zuilen;0333100000015733;Restaurant Belle;Keessen, A.M.;AWP niet politiek, wel deskundig;1;133341;459915;52.12702;5.07091;133378;460449;52.12702;5.07091;133378;460449;52.13182;5.71418;Oud Zuilen;6
WS-HDSR2019;G1904;Stichtse Vecht;WK190411;Oud Zuilen;BU19041101;Oud Zuilen;0333100000015733;Restaurant Belle;Moor, J.A.P.M.;AWP niet politiek, wel deskundig;0;133341;459915;52.12702;5.07091;133378;460449;52.12702;5.07091;133378;460449;52.13182;5.71418;Oud Zuilen;6
WS-HDSR2019;G1904;Stichtse Vecht;WK190411;Oud Zuilen;BU19041101;Oud Zuilen;0333100000015733;Restaurant Belle;de Leeuw-Bosch, E.;AWP niet politiek, wel deskundig;0;133341;459915;52.12702;5.07091;133378;460449;52.12702;5.07091;133378;460449;52.13182;5.71418;Oud Zuilen;6
WS-HDSR2019;G1904;Stichtse Vecht;WK190411;Oud Zuilen;BU19041101;Oud Zuilen;0333100000015733;Restaurant Belle;Koop, S.H.A.;AWP niet politiek, wel deskundig;0;133341;459915;52.12702;5.07091;133378;460449;52.12702;5.07091;133378;460449;52.13182;5.71418;Oud Zuilen;6
WS-HDSR2019;G1904;Stichtse Vecht;WK190411;Oud Zuilen;BU19041101;Oud Zuilen;0333100000015733;Restaurant Belle;Hiemstra, A.;AWP niet politiek, wel deskundig;0;133341;459915;52.12702;5.07091;133378;460449;52.12702;5.07091;133378;460449;52.13182;5.71418;Oud Zuilen;6
WS-HDSR2019;G1904;Stichtse Vecht;WK190411;Oud Zuilen;BU19041101;Oud Zuilen;0333100000015733;Restaurant Belle;van der Veen, B.J.;AWP niet politiek, wel deskundig;0;133341;459915;52.12702;5.07091;133378;460449;52.12702;5.07091;133378;460449;52.13182;5.71418;Oud Zuilen;6
WS-HDSR2019;G1904;Stichtse Vecht;WK190411;Oud Zuilen;BU19041101;Oud Zuilen;0333100000015733;Restaurant Belle;Gilissen, H.K.;AWP niet politiek, wel deskundig;1;133341;459915;52.12702;5.07091;133378;460449;52.12702;5.07091;133378;460449;52.13182;5.71418;Oud Zuilen;6
WS-HDSR2019;G1904;Stichtse Vecht;WK190411;Oud Zuilen;BU19041101;Oud Zuilen;0333100000015733;Restaurant Belle;van Leeuwen, C.J.;AWP niet politiek, wel deskundig;1;133341;459915;52.12702;5.07091;133378;460449;52.12702;5.07091;133378;460449;52.13182;5.71418;Oud Zuilen;6
WS-HDSR2019;G1904;Stichtse Vecht;WK190411;Oud Zuilen;BU19041101;Oud Zuilen;0333100000015733;Restaurant Belle;Jansen, A. E.;AWP niet politiek, wel deskundig;0;133341;459915;52.12702;5.07091;133378;460449;52.12702;5.07091;133378;460449;52.13182;5.71418;Oud Zuilen;6
WS-HDSR2019;G1904;Stichtse Vecht;WK190411;Oud Zuilen;BU19041101;Oud Zuilen;0333100000015733;Restaurant Belle;van Os, F.;Staatkundig Gereformeerde Partij (SGP);13;133341;459915;52.12702;5.07091;133378;460449;52.12702;5.07091;133378;460449;52.13182;5.71418;Oud Zuilen;6
WS-HDSR2019;G1904;Stichtse Vecht;WK190411;Oud Zuilen;BU19041101;Oud Zuilen;0333100000015733;Restaurant Belle;van Zetten, J.N.;Staatkundig Gereformeerde Partij (SGP);0;133341;459915;52.12702;5.07091;133378;460449;52.12702;5.07091;133378;460449;52.13182;5.71418;Oud Zuilen;6
WS-HDSR2019;G1904;Stichtse Vecht;WK190411;Oud Zuilen;BU19041101;Oud Zuilen;0333100000015733;Restaurant Belle;van der Wind, J.J.;Staatkundig Gereformeerde Partij (SGP);0;133341;459915;52.12702;5.07091;133378;460449;52.12702;5.07091;133378;460449;52.13182;5.71418;Oud Zuilen;6
WS-HDSR2019;G1904;Stichtse Vecht;WK190411;Oud Zuilen;BU19041101;Oud Zuilen;0333100000015733;Restaurant Belle;Verweij, K.C.;Staatkundig Gereformeerde Partij (SGP);0;133341;459915;52.12702;5.07091;133378;460449;52.12702;5.07091;133378;460449;52.13182;5.71418;Oud Zuilen;6
WS-HDSR2019;G1904;Stichtse Vecht;WK190411;Oud Zuilen;BU19041101;Oud Zuilen;0333100000015733;Restaurant Belle;van Leeuwen, G.;Staatkundig Gereformeerde Partij (SGP);0;133341;459915;52.12702;5.07091;133378;460449;52.12702;5.07091;133378;460449;52.13182;5.71418;Oud Zuilen;6
WS-HDSR2019;G1904;Stichtse Vecht;WK190411;Oud Zuilen;BU19041101;Oud Zuilen;0333100000015733;Restaurant Belle;de Groot, L.;Staatkundig Gereformeerde Partij (SGP);0;133341;459915;52.12702;5.07091;133378;460449;52.12702;5.07091;133378;460449;52.13182;5.71418;Oud Zuilen;6
WS-HDSR2019;G1904;Stichtse Vecht;WK190411;Oud Zuilen;BU19041101;Oud Zuilen;0333100000015733;Restaurant Belle;Boonzaaijer, G.;Staatkundig Gereformeerde Partij (SGP);0;133341;459915;52.12702;5.07091;133378;460449;52.12702;5.07091;133378;460449;52.13182;5.71418;Oud Zuilen;6
WS-HDSR2019;G1904;Stichtse Vecht;WK190411;Oud Zuilen;BU19041101;Oud Zuilen;0333100000015733;Restaurant Belle;Broere, J.;Staatkundig Gereformeerde Partij (SGP);0;133341;459915;52.12702;5.07091;133378;460449;52.12702;5.07091;133378;460449;52.13182;5.71418;Oud Zuilen;6
WS-HDSR2019;G1904;Stichtse Vecht;WK190411;Oud Zuilen;BU19041101;Oud Zuilen;0333100000015733;Restaurant Belle;Marchal, J.;Staatkundig Gereformeerde Partij (SGP);0;133341;459915;52.12702;5.07091;133378;460449;52.12702;5.07091;133378;460449;52.13182;5.71418;Oud Zuilen;6
WS-HDSR2019;G1904;Stichtse Vecht;WK190411;Oud Zuilen;BU19041101;Oud Zuilen;0333100000015733;Restaurant Belle;van Woudenberg, J.;Staatkundig Gereformeerde Partij (SGP);0;133341;459915;52.12702;5.07091;133378;460449;52.12702;5.07091;133378;460449;52.13182;5.71418;Oud Zuilen;6
WS-HDSR2019;G1904;Stichtse Vecht;WK190411;Oud Zuilen;BU19041101;Oud Zuilen;0333100000015733;Restaurant Belle;Verduijn, A.;Staatkundig Gereformeerde Partij (SGP);0;133341;459915;52.12702;5.07091;133378;460449;52.12702;5.07091;133378;460449;52.13182;5.71418;Oud Zuilen;6
WS-HDSR2019;G1904;Stichtse Vecht;WK190411;Oud Zuilen;BU19041101;Oud Zuilen;0333100000015733;Restaurant Belle;Rijneveld, C.;Staatkundig Gereformeerde Partij (SGP);0;133341;459915;52.12702;5.07091;133378;460449;52.12702;5.07091;133378;460449;52.13182;5.71418;Oud Zuilen;6
WS-HDSR2019;G1904;Stichtse Vecht;WK190411;Oud Zuilen;BU19041101;Oud Zuilen;0333100000015733;Restaurant Belle;Doornenbal, G.;Staatkundig Gereformeerde Partij (SGP);0;133341;459915;52.12702;5.07091;133378;460449;52.12702;5.07091;133378;460449;52.13182;5.71418;Oud Zuilen;6
WS-HDSR2019;G1904;Stichtse Vecht;WK190411;Oud Zuilen;BU19041101;Oud Zuilen;0333100000015733;Restaurant Belle;van Vulpen, C.;Staatkundig Gereformeerde Partij (SGP);0;133341;459915;52.12702;5.07091;133378;460449;52.12702;5.07091;133378;460449;52.13182;5.71418;Oud Zuilen;6
WS-HDSR2019;G1904;Stichtse Vecht;WK190411;Oud Zuilen;BU19041101;Oud Zuilen;0333100000015733;Restaurant Belle;Benschop, J.W.;Staatkundig Gereformeerde Partij (SGP);0;133341;459915;52.12702;5.07091;133378;460449;52.12702;5.07091;133378;460449;52.13182;5.71418;Oud Zuilen;6
WS-HDSR2019;G1904;Stichtse Vecht;WK190411;Oud Zuilen;BU19041101;Oud Zuilen;0333100000015733;Restaurant Belle;van den Hoek, R.P.J.J.;50PLUS;11;133341;459915;52.12702;5.07091;133378;460449;52.12702;5.07091;133378;460449;52.13182;5.71418;Oud Zuilen;6
WS-HDSR2019;G1904;Stichtse Vecht;WK190411;Oud Zuilen;BU19041101;Oud Zuilen;0333100000015733;Restaurant Belle;Schalkwijk, G.M.;50PLUS;1;133341;459915;52.12702;5.07091;133378;460449;52.12702;5.07091;133378;460449;52.13182;5.71418;Oud Zuilen;6
WS-HDSR2019;G1904;Stichtse Vecht;WK190411;Oud Zuilen;BU19041101;Oud Zuilen;0333100000015733;Restaurant Belle;de Mol, S.A.;50PLUS;1;133341;459915;52.12702;5.07091;133378;460449;52.12702;5.07091;133378;460449;52.13182;5.71418;Oud Zuilen;6
WS-HDSR2019;G1904;Stichtse Vecht;WK190411;Oud Zuilen;BU19041101;Oud Zuilen;0333100000015733;Restaurant Belle;Schifferling, J.H.;50PLUS;1;133341;459915;52.12702;5.07091;133378;460449;52.12702;5.07091;133378;460449;52.13182;5.71418;Oud Zuilen;6
WS-HDSR2019;G1904;Stichtse Vecht;WK190411;Oud Zuilen;BU19041101;Oud Zuilen;0333100000015733;Restaurant Belle;Cornelissen, M.P.J.;50PLUS;0;133341;459915;52.12702;5.07091;133378;460449;52.12702;5.07091;133378;460449;52.13182;5.71418;Oud Zuilen;6
WS-HDSR2019;G1904;Stichtse Vecht;WK190411;Oud Zuilen;BU19041101;Oud Zuilen;0333100000015733;Restaurant Belle;Postma, R.;50PLUS;0;133341;459915;52.12702;5.07091;133378;460449;52.12702;5.07091;133378;460449;52.13182;5.71418;Oud Zuilen;6
WS-HDSR2019;G1904;Stichtse Vecht;WK190407;Tienhoven;BU19040703;Tienhoven-Oud Maarsseveen;0333100000012122;Dorpshuis de Veenkluit;Otterman, J.A.;Water Natuurlijk;1;134153;464206;52.16562;5.08251;134412;463412;52.16562;5.08251;135219;464551;52.15849;5.86349;Tienhoven;7
WS-HDSR2019;G1904;Stichtse Vecht;WK190407;Tienhoven;BU19040703;Tienhoven-Oud Maarsseveen;0333100000012122;Dorpshuis de Veenkluit;Jansen, M.L.E.;Water Natuurlijk;0;134153;464206;52.16562;5.08251;134412;463412;52.16562;5.08251;135219;464551;52.15849;5.86349;Tienhoven;7
WS-HDSR2019;G1904;Stichtse Vecht;WK190407;Tienhoven;BU19040703;Tienhoven-Oud Maarsseveen;0333100000012122;Dorpshuis de Veenkluit;van der Heijden, J.;Water Natuurlijk;0;134153;464206;52.16562;5.08251;134412;463412;52.16562;5.08251;135219;464551;52.15849;5.86349;Tienhoven;7
WS-HDSR2019;G1904;Stichtse Vecht;WK190407;Tienhoven;BU19040703;Tienhoven-Oud Maarsseveen;0333100000012122;Dorpshuis de Veenkluit;Oskam, G.A.;Water Natuurlijk;0;134153;464206;52.16562;5.08251;134412;463412;52.16562;5.08251;135219;464551;52.15849;5.86349;Tienhoven;7
WS-HDSR2019;G1904;Stichtse Vecht;WK190407;Tienhoven;BU19040703;Tienhoven-Oud Maarsseveen;0333100000012122;Dorpshuis de Veenkluit;van der Molen, D.T.;Water Natuurlijk;0;134153;464206;52.16562;5.08251;134412;463412;52.16562;5.08251;135219;464551;52.15849;5.86349;Tienhoven;7
WS-HDSR2019;G1904;Stichtse Vecht;WK190407;Tienhoven;BU19040703;Tienhoven-Oud Maarsseveen;0333100000012122;Dorpshuis de Veenkluit;Dekker-Groen, A.M.;Water Natuurlijk;0;134153;464206;52.16562;5.08251;134412;463412;52.16562;5.08251;135219;464551;52.15849;5.86349;Tienhoven;7
WS-HDSR2019;G1904;Stichtse Vecht;WK190407;Tienhoven;BU19040703;Tienhoven-Oud Maarsseveen;0333100000012122;Dorpshuis de Veenkluit;van Dam, H.A.;Water Natuurlijk;0;134153;464206;52.16562;5.08251;134412;463412;52.16562;5.08251;135219;464551;52.15849;5.86349;Tienhoven;7
WS-HDSR2019;G1904;Stichtse Vecht;WK190407;Tienhoven;BU19040703;Tienhoven-Oud Maarsseveen;0333100000012122;Dorpshuis de Veenkluit;de Boer, R.A.;Water Natuurlijk;0;134153;464206;52.16562;5.08251;134412;463412;52.16562;5.08251;135219;464551;52.15849;5.86349;Tienhoven;7
WS-HDSR2019;G1904;Stichtse Vecht;WK190407;Tienhoven;BU19040703;Tienhoven-Oud Maarsseveen;0333100000012122;Dorpshuis de Veenkluit;van Berckel, A.R.M.;Water Natuurlijk;0;134153;464206;52.16562;5.08251;134412;463412;52.16562;5.08251;135219;464551;52.15849;5.86349;Tienhoven;7
WS-HDSR2019;G1904;Stichtse Vecht;WK190407;Tienhoven;BU19040703;Tienhoven-Oud Maarsseveen;0333100000012122;Dorpshuis de Veenkluit;ten Heuw, E.W.;Water Natuurlijk;0;134153;464206;52.16562;5.08251;134412;463412;52.16562;5.08251;135219;464551;52.15849;5.86349;Tienhoven;7
WS-HDSR2019;G1904;Stichtse Vecht;WK190407;Tienhoven;BU19040703;Tienhoven-Oud Maarsseveen;0333100000012122;Dorpshuis de Veenkluit;van der Wal, R.L.;Water Natuurlijk;0;134153;464206;52.16562;5.08251;134412;463412;52.16562;5.08251;135219;464551;52.15849;5.86349;Tienhoven;7
WS-HDSR2019;G1904;Stichtse Vecht;WK190407;Tienhoven;BU19040703;Tienhoven-Oud Maarsseveen;0333100000012122;Dorpshuis de Veenkluit;Kortekaas, M.L.;Water Natuurlijk;0;134153;464206;52.16562;5.08251;134412;463412;52.16562;5.08251;135219;464551;52.15849;5.86349;Tienhoven;7
WS-HDSR2019;G1904;Stichtse Vecht;WK190407;Tienhoven;BU19040703;Tienhoven-Oud Maarsseveen;0333100000012122;Dorpshuis de Veenkluit;Boerkamp, J.G.;Water Natuurlijk;0;134153;464206;52.16562;5.08251;134412;463412;52.16562;5.08251;135219;464551;52.15849;5.86349;Tienhoven;7
WS-HDSR2019;G1904;Stichtse Vecht;WK190407;Tienhoven;BU19040703;Tienhoven-Oud Maarsseveen;0333100000012122;Dorpshuis de Veenkluit;Nobel, A.C.;Water Natuurlijk;0;134153;464206;52.16562;5.08251;134412;463412;52.16562;5.08251;135219;464551;52.15849;5.86349;Tienhoven;7
WS-HDSR2019;G1904;Stichtse Vecht;WK190407;Tienhoven;BU19040703;Tienhoven-Oud Maarsseveen;0333100000012122;Dorpshuis de Veenkluit;Kingma, J.H.;Water Natuurlijk;0;134153;464206;52.16562;5.08251;134412;463412;52.16562;5.08251;135219;464551;52.15849;5.86349;Tienhoven;7
WS-HDSR2019;G1904;Stichtse Vecht;WK190407;Tienhoven;BU19040703;Tienhoven-Oud Maarsseveen;0333100000012122;Dorpshuis de Veenkluit;Aulich, K.M.;Water Natuurlijk;0;134153;464206;52.16562;5.08251;134412;463412;52.16562;5.08251;135219;464551;52.15849;5.86349;Tienhoven;7
WS-HDSR2019;G1904;Stichtse Vecht;WK190407;Tienhoven;BU19040703;Tienhoven-Oud Maarsseveen;0333100000012122;Dorpshuis de Veenkluit;Veldboer, S.J.H.M.;Water Natuurlijk;0;134153;464206;52.16562;5.08251;134412;463412;52.16562;5.08251;135219;464551;52.15849;5.86349;Tienhoven;7
WS-HDSR2019;G1904;Stichtse Vecht;WK190407;Tienhoven;BU19040703;Tienhoven-Oud Maarsseveen;0333100000012122;Dorpshuis de Veenkluit;Bijker, W.H.;Water Natuurlijk;0;134153;464206;52.16562;5.08251;134412;463412;52.16562;5.08251;135219;464551;52.15849;5.86349;Tienhoven;7
WS-HDSR2019;G1904;Stichtse Vecht;WK190407;Tienhoven;BU19040703;Tienhoven-Oud Maarsseveen;0333100000012122;Dorpshuis de Veenkluit;Tigchelhoff, A.;Water Natuurlijk;0;134153;464206;52.16562;5.08251;134412;463412;52.16562;5.08251;135219;464551;52.15849;5.86349;Tienhoven;7
WS-HDSR2019;G1904;Stichtse Vecht;WK190407;Tienhoven;BU19040703;Tienhoven-Oud Maarsseveen;0333100000012122;Dorpshuis de Veenkluit;Kloppenborg, J.F.M.;Water Natuurlijk;0;134153;464206;52.16562;5.08251;134412;463412;52.16562;5.08251;135219;464551;52.15849;5.86349;Tienhoven;7
WS-HDSR2019;G1904;Stichtse Vecht;WK190407;Tienhoven;BU19040703;Tienhoven-Oud Maarsseveen;0333100000012122;Dorpshuis de Veenkluit;Goedvolk, P.A.M.;Water Natuurlijk;0;134153;464206;52.16562;5.08251;134412;463412;52.16562;5.08251;135219;464551;52.15849;5.86349;Tienhoven;7
WS-HDSR2019;G1904;Stichtse Vecht;WK190407;Tienhoven;BU19040703;Tienhoven-Oud Maarsseveen;0333100000012122;Dorpshuis de Veenkluit;Ket, P.C.;Water Natuurlijk;0;134153;464206;52.16562;5.08251;134412;463412;52.16562;5.08251;135219;464551;52.15849;5.86349;Tienhoven;7
WS-HDSR2019;G1904;Stichtse Vecht;WK190407;Tienhoven;BU19040703;Tienhoven-Oud Maarsseveen;0333100000012122;Dorpshuis de Veenkluit;Gnodde, M.W.J.;Water Natuurlijk;0;134153;464206;52.16562;5.08251;134412;463412;52.16562;5.08251;135219;464551;52.15849;5.86349;Tienhoven;7
WS-HDSR2019;G1904;Stichtse Vecht;WK190407;Tienhoven;BU19040703;Tienhoven-Oud Maarsseveen;0333100000012122;Dorpshuis de Veenkluit;Zandvliet, H.C.A.;Water Natuurlijk;0;134153;464206;52.16562;5.08251;134412;463412;52.16562;5.08251;135219;464551;52.15849;5.86349;Tienhoven;7
WS-HDSR2019;G1904;Stichtse Vecht;WK190407;Tienhoven;BU19040703;Tienhoven-Oud Maarsseveen;0333100000012122;Dorpshuis de Veenkluit;Karelse, J.J.H.G.D.;Water Natuurlijk;0;134153;464206;52.16562;5.08251;134412;463412;52.16562;5.08251;135219;464551;52.15849;5.86349;Tienhoven;7
WS-HDSR2019;G1904;Stichtse Vecht;WK190407;Tienhoven;BU19040703;Tienhoven-Oud Maarsseveen;0333100000012122;Dorpshuis de Veenkluit;Schuhmacher, T.;Water Natuurlijk;0;134153;464206;52.16562;5.08251;134412;463412;52.16562;5.08251;135219;464551;52.15849;5.86349;Tienhoven;7
WS-HDSR2019;G1904;Stichtse Vecht;WK190407;Tienhoven;BU19040703;Tienhoven-Oud Maarsseveen;0333100000012122;Dorpshuis de Veenkluit;Dirkse, F.R.;Water Natuurlijk;0;134153;464206;52.16562;5.08251;134412;463412;52.16562;5.08251;135219;464551;52.15849;5.86349;Tienhoven;7
WS-HDSR2019;G1904;Stichtse Vecht;WK190407;Tienhoven;BU19040703;Tienhoven-Oud Maarsseveen;0333100000012122;Dorpshuis de Veenkluit;Hoogeveen, H.J.;Water Natuurlijk;0;134153;464206;52.16562;5.08251;134412;463412;52.16562;5.08251;135219;464551;52.15849;5.86349;Tienhoven;7
WS-HDSR2019;G1904;Stichtse Vecht;WK190407;Tienhoven;BU19040703;Tienhoven-Oud Maarsseveen;0333100000012122;Dorpshuis de Veenkluit;Langenbach, J.W.H.;Water Natuurlijk;0;134153;464206;52.16562;5.08251;134412;463412;52.16562;5.08251;135219;464551;52.15849;5.86349;Tienhoven;7
WS-HDSR2019;G1904;Stichtse Vecht;WK190407;Tienhoven;BU19040703;Tienhoven-Oud Maarsseveen;0333100000012122;Dorpshuis de Veenkluit;Boot, J.L.J.;Water Natuurlijk;0;134153;464206;52.16562;5.08251;134412;463412;52.16562;5.08251;135219;464551;52.15849;5.86349;Tienhoven;7
WS-HDSR2019;G1904;Stichtse Vecht;WK190407;Tienhoven;BU19040703;Tienhoven-Oud Maarsseveen;0333100000012122;Dorpshuis de Veenkluit;van der Vorm-Gouman, E.;Water Natuurlijk;0;134153;464206;52.16562;5.08251;134412;463412;52.16562;5.08251;135219;464551;52.15849;5.86349;Tienhoven;7
WS-HDSR2019;G1904;Stichtse Vecht;WK190407;Tienhoven;BU19040703;Tienhoven-Oud Maarsseveen;0333100000012122;Dorpshuis de Veenkluit;Jansen, G.J.P.;Water Natuurlijk;0;134153;464206;52.16562;5.08251;134412;463412;52.16562;5.08251;135219;464551;52.15849;5.86349;Tienhoven;7
WS-HDSR2019;G1904;Stichtse Vecht;WK190407;Tienhoven;BU19040703;Tienhoven-Oud Maarsseveen;0333100000012122;Dorpshuis de Veenkluit;Becht, G.F.;Water Natuurlijk;0;134153;464206;52.16562;5.08251;134412;463412;52.16562;5.08251;135219;464551;52.15849;5.86349;Tienhoven;7
WS-HDSR2019;G1904;Stichtse Vecht;WK190407;Tienhoven;BU19040703;Tienhoven-Oud Maarsseveen;0333100000012122;Dorpshuis de Veenkluit;van Oostenbrugge, R.;Water Natuurlijk;0;134153;464206;52.16562;5.08251;134412;463412;52.16562;5.08251;135219;464551;52.15849;5.86349;Tienhoven;7
WS-HDSR2019;G1904;Stichtse Vecht;WK190407;Tienhoven;BU19040703;Tienhoven-Oud Maarsseveen;0333100000012122;Dorpshuis de Veenkluit;de Jonge, P.C.;Water Natuurlijk;0;134153;464206;52.16562;5.08251;134412;463412;52.16562;5.08251;135219;464551;52.15849;5.86349;Tienhoven;7
WS-HDSR2019;G1904;Stichtse Vecht;WK190407;Tienhoven;BU19040703;Tienhoven-Oud Maarsseveen;0333100000012122;Dorpshuis de Veenkluit;Naber, J.M.L.;Water Natuurlijk;0;134153;464206;52.16562;5.08251;134412;463412;52.16562;5.08251;135219;464551;52.15849;5.86349;Tienhoven;7
WS-HDSR2019;G1904;Stichtse Vecht;WK190407;Tienhoven;BU19040703;Tienhoven-Oud Maarsseveen;0333100000012122;Dorpshuis de Veenkluit;Duindam, J.I.M.;Water Natuurlijk;0;134153;464206;52.16562;5.08251;134412;463412;52.16562;5.08251;135219;464551;52.15849;5.86349;Tienhoven;7
WS-HDSR2019;G1904;Stichtse Vecht;WK190407;Tienhoven;BU19040703;Tienhoven-Oud Maarsseveen;0333100000012122;Dorpshuis de Veenkluit;Lintmeijer, F.C.W.C.;Water Natuurlijk;0;134153;464206;52.16562;5.08251;134412;463412;52.16562;5.08251;135219;464551;52.15849;5.86349;Tienhoven;7
WS-HDSR2019;G1904;Stichtse Vecht;WK190407;Tienhoven;BU19040703;Tienhoven-Oud Maarsseveen;0333100000012122;Dorpshuis de Veenkluit;Koster-Dreese, Y.;Water Natuurlijk;0;134153;464206;52.16562;5.08251;134412;463412;52.16562;5.08251;135219;464551;52.15849;5.86349;Tienhoven;7
WS-HDSR2019;G1904;Stichtse Vecht;WK190407;Tienhoven;BU19040703;Tienhoven-Oud Maarsseveen;0333100000012122;Dorpshuis de Veenkluit;Beugelink, G.P.;Water Natuurlijk;0;134153;464206;52.16562;5.08251;134412;463412;52.16562;5.08251;135219;464551;52.15849;5.86349;Tienhoven;7
WS-HDSR2019;G1904;Stichtse Vecht;WK190407;Tienhoven;BU19040703;Tienhoven-Oud Maarsseveen;0333100000012122;Dorpshuis de Veenkluit;van Essen, H.P.;Water Natuurlijk;0;134153;464206;52.16562;5.08251;134412;463412;52.16562;5.08251;135219;464551;52.15849;5.86349;Tienhoven;7
WS-HDSR2019;G1904;Stichtse Vecht;WK190407;Tienhoven;BU19040703;Tienhoven-Oud Maarsseveen;0333100000012122;Dorpshuis de Veenkluit;Snoeren, P.W.M.;Water Natuurlijk;0;134153;464206;52.16562;5.08251;134412;463412;52.16562;5.08251;135219;464551;52.15849;5.86349;Tienhoven;7
WS-HDSR2019;G1904;Stichtse Vecht;WK190407;Tienhoven;BU19040703;Tienhoven-Oud Maarsseveen;0333100000012122;Dorpshuis de Veenkluit;Groenendijk, S.;VVD;3;134153;464206;52.16562;5.08251;134412;463412;52.16562;5.08251;135219;464551;52.15849;5.86349;Tienhoven;7
WS-HDSR2019;G1904;Stichtse Vecht;WK190407;Tienhoven;BU19040703;Tienhoven-Oud Maarsseveen;0333100000012122;Dorpshuis de Veenkluit;van der Sterre, P.J.;VVD;0;134153;464206;52.16562;5.08251;134412;463412;52.16562;5.08251;135219;464551;52.15849;5.86349;Tienhoven;7
WS-HDSR2019;G1904;Stichtse Vecht;WK190407;Tienhoven;BU19040703;Tienhoven-Oud Maarsseveen;0333100000012122;Dorpshuis de Veenkluit;Eijsbroek, N.;VVD;0;134153;464206;52.16562;5.08251;134412;463412;52.16562;5.08251;135219;464551;52.15849;5.86349;Tienhoven;7
WS-HDSR2019;G1904;Stichtse Vecht;WK190407;Tienhoven;BU19040703;Tienhoven-Oud Maarsseveen;0333100000012122;Dorpshuis de Veenkluit;van Winden, A.J.;VVD;0;134153;464206;52.16562;5.08251;134412;463412;52.16562;5.08251;135219;464551;52.15849;5.86349;Tienhoven;7
WS-HDSR2019;G1904;Stichtse Vecht;WK190407;Tienhoven;BU19040703;Tienhoven-Oud Maarsseveen;0333100000012122;Dorpshuis de Veenkluit;van Baaren, J.;VVD;0;134153;464206;52.16562;5.08251;134412;463412;52.16562;5.08251;135219;464551;52.15849;5.86349;Tienhoven;7
WS-HDSR2019;G1904;Stichtse Vecht;WK190407;Tienhoven;BU19040703;Tienhoven-Oud Maarsseveen;0333100000012122;Dorpshuis de Veenkluit;Kapper, S.R.;VVD;0;134153;464206;52.16562;5.08251;134412;463412;52.16562;5.08251;135219;464551;52.15849;5.86349;Tienhoven;7
WS-HDSR2019;G1904;Stichtse Vecht;WK190407;Tienhoven;BU19040703;Tienhoven-Oud Maarsseveen;0333100000012122;Dorpshuis de Veenkluit;Michielsen, P.F.M.;VVD;0;134153;464206;52.16562;5.08251;134412;463412;52.16562;5.08251;135219;464551;52.15849;5.86349;Tienhoven;7
WS-HDSR2019;G1904;Stichtse Vecht;WK190407;Tienhoven;BU19040703;Tienhoven-Oud Maarsseveen;0333100000012122;Dorpshuis de Veenkluit;Trapman, E.G.J.H.;VVD;0;134153;464206;52.16562;5.08251;134412;463412;52.16562;5.08251;135219;464551;52.15849;5.86349;Tienhoven;7
WS-HDSR2019;G1904;Stichtse Vecht;WK190407;Tienhoven;BU19040703;Tienhoven-Oud Maarsseveen;0333100000012122;Dorpshuis de Veenkluit;de Jong, B.;CDA;0;134153;464206;52.16562;5.08251;134412;463412;52.16562;5.08251;135219;464551;52.15849;5.86349;Tienhoven;7
WS-HDSR2019;G1904;Stichtse Vecht;WK190407;Tienhoven;BU19040703;Tienhoven-Oud Maarsseveen;0333100000012122;Dorpshuis de Veenkluit;Sommer-de Vries, K.H.;CDA;0;134153;464206;52.16562;5.08251;134412;463412;52.16562;5.08251;135219;464551;52.15849;5.86349;Tienhoven;7
WS-HDSR2019;G1904;Stichtse Vecht;WK190407;Tienhoven;BU19040703;Tienhoven-Oud Maarsseveen;0333100000012122;Dorpshuis de Veenkluit;Droogers, J.A.G.W.;CDA;0;134153;464206;52.16562;5.08251;134412;463412;52.16562;5.08251;135219;464551;52.15849;5.86349;Tienhoven;7
WS-HDSR2019;G1904;Stichtse Vecht;WK190407;Tienhoven;BU19040703;Tienhoven-Oud Maarsseveen;0333100000012122;Dorpshuis de Veenkluit;Bakker, P.J.I.;CDA;0;134153;464206;52.16562;5.08251;134412;463412;52.16562;5.08251;135219;464551;52.15849;5.86349;Tienhoven;7
WS-HDSR2019;G1904;Stichtse Vecht;WK190407;Tienhoven;BU19040703;Tienhoven-Oud Maarsseveen;0333100000012122;Dorpshuis de Veenkluit;de Roos, T.L.;CDA;0;134153;464206;52.16562;5.08251;134412;463412;52.16562;5.08251;135219;464551;52.15849;5.86349;Tienhoven;7
WS-HDSR2019;G1904;Stichtse Vecht;WK190407;Tienhoven;BU19040703;Tienhoven-Oud Maarsseveen;0333100000012122;Dorpshuis de Veenkluit;Roorda, F.A.;CDA;0;134153;464206;52.16562;5.08251;134412;463412;52.16562;5.08251;135219;464551;52.15849;5.86349;Tienhoven;7
WS-HDSR2019;G1904;Stichtse Vecht;WK190407;Tienhoven;BU19040703;Tienhoven-Oud Maarsseveen;0333100000012122;Dorpshuis de Veenkluit;Adriani-Wempe, H.J.;CDA;0;134153;464206;52.16562;5.08251;134412;463412;52.16562;5.08251;135219;464551;52.15849;5.86349;Tienhoven;7
WS-HDSR2019;G1904;Stichtse Vecht;WK190407;Tienhoven;BU19040703;Tienhoven-Oud Maarsseveen;0333100000012122;Dorpshuis de Veenkluit;Verbij, A.L.G.;CDA;0;134153;464206;52.16562;5.08251;134412;463412;52.16562;5.08251;135219;464551;52.15849;5.86349;Tienhoven;7
WS-HDSR2019;G1904;Stichtse Vecht;WK190407;Tienhoven;BU19040703;Tienhoven-Oud Maarsseveen;0333100000012122;Dorpshuis de Veenkluit;van Arendonk, L.A.A.M.;CDA;0;134153;464206;52.16562;5.08251;134412;463412;52.16562;5.08251;135219;464551;52.15849;5.86349;Tienhoven;7
WS-HDSR2019;G1904;Stichtse Vecht;WK190407;Tienhoven;BU19040703;Tienhoven-Oud Maarsseveen;0333100000012122;Dorpshuis de Veenkluit;van Petersen, H.G.J.;CDA;0;134153;464206;52.16562;5.08251;134412;463412;52.16562;5.08251;135219;464551;52.15849;5.86349;Tienhoven;7
WS-HDSR2019;G1904;Stichtse Vecht;WK190407;Tienhoven;BU19040703;Tienhoven-Oud Maarsseveen;0333100000012122;Dorpshuis de Veenkluit;Vinkenburg, J.H.W.M.;CDA;0;134153;464206;52.16562;5.08251;134412;463412;52.16562;5.08251;135219;464551;52.15849;5.86349;Tienhoven;7
WS-HDSR2019;G1904;Stichtse Vecht;WK190407;Tienhoven;BU19040703;Tienhoven-Oud Maarsseveen;0333100000012122;Dorpshuis de Veenkluit;van der Spek, W.J.;CDA;0;134153;464206;52.16562;5.08251;134412;463412;52.16562;5.08251;135219;464551;52.15849;5.86349;Tienhoven;7
WS-HDSR2019;G1904;Stichtse Vecht;WK190407;Tienhoven;BU19040703;Tienhoven-Oud Maarsseveen;0333100000012122;Dorpshuis de Veenkluit;de Regt, A.M.;CDA;0;134153;464206;52.16562;5.08251;134412;463412;52.16562;5.08251;135219;464551;52.15849;5.86349;Tienhoven;7
WS-HDSR2019;G1904;Stichtse Vecht;WK190407;Tienhoven;BU19040703;Tienhoven-Oud Maarsseveen;0333100000012122;Dorpshuis de Veenkluit;Overbeek, K.B.J.;CDA;0;134153;464206;52.16562;5.08251;134412;463412;52.16562;5.08251;135219;464551;52.15849;5.86349;Tienhoven;7
WS-HDSR2019;G1904;Stichtse Vecht;WK190407;Tienhoven;BU19040703;Tienhoven-Oud Maarsseveen;0333100000012122;Dorpshuis de Veenkluit;Jonkers, C.A.;CDA;0;134153;464206;52.16562;5.08251;134412;463412;52.16562;5.08251;135219;464551;52.15849;5.86349;Tienhoven;7
WS-HDSR2019;G1904;Stichtse Vecht;WK190407;Tienhoven;BU19040703;Tienhoven-Oud Maarsseveen;0333100000012122;Dorpshuis de Veenkluit;Bunnik, R.P.;CDA;0;134153;464206;52.16562;5.08251;134412;463412;52.16562;5.08251;135219;464551;52.15849;5.86349;Tienhoven;7
WS-HDSR2019;G1904;Stichtse Vecht;WK190407;Tienhoven;BU19040703;Tienhoven-Oud Maarsseveen;0333100000012122;Dorpshuis de Veenkluit;van der Honing, H.;CDA;0;134153;464206;52.16562;5.08251;134412;463412;52.16562;5.08251;135219;464551;52.15849;5.86349;Tienhoven;7
WS-HDSR2019;G1904;Stichtse Vecht;WK190407;Tienhoven;BU19040703;Tienhoven-Oud Maarsseveen;0333100000012122;Dorpshuis de Veenkluit;Keestra, J.M.;CDA;0;134153;464206;52.16562;5.08251;134412;463412;52.16562;5.08251;135219;464551;52.15849;5.86349;Tienhoven;7
WS-HDSR2019;G1904;Stichtse Vecht;WK190407;Tienhoven;BU19040703;Tienhoven-Oud Maarsseveen;0333100000012122;Dorpshuis de Veenkluit;van Wijk, W.A.M.;CDA;0;134153;464206;52.16562;5.08251;134412;463412;52.16562;5.08251;135219;464551;52.15849;5.86349;Tienhoven;7
WS-HDSR2019;G1904;Stichtse Vecht;WK190407;Tienhoven;BU19040703;Tienhoven-Oud Maarsseveen;0333100000012122;Dorpshuis de Veenkluit;Vernie, L.N.;CDA;0;134153;464206;52.16562;5.08251;134412;463412;52.16562;5.08251;135219;464551;52.15849;5.86349;Tienhoven;7
WS-HDSR2019;G1904;Stichtse Vecht;WK190407;Tienhoven;BU19040703;Tienhoven-Oud Maarsseveen;0333100000012122;Dorpshuis de Veenkluit;Tiggeloven, A.B.M.;CDA;0;134153;464206;52.16562;5.08251;134412;463412;52.16562;5.08251;135219;464551;52.15849;5.86349;Tienhoven;7
WS-HDSR2019;G1904;Stichtse Vecht;WK190407;Tienhoven;BU19040703;Tienhoven-Oud Maarsseveen;0333100000012122;Dorpshuis de Veenkluit;Muijs, A.J.A.;CDA;0;134153;464206;52.16562;5.08251;134412;463412;52.16562;5.08251;135219;464551;52.15849;5.86349;Tienhoven;7
WS-HDSR2019;G1904;Stichtse Vecht;WK190407;Tienhoven;BU19040703;Tienhoven-Oud Maarsseveen;0333100000012122;Dorpshuis de Veenkluit;van Kippersluis, F.P.;CDA;0;134153;464206;52.16562;5.08251;134412;463412;52.16562;5.08251;135219;464551;52.15849;5.86349;Tienhoven;7
WS-HDSR2019;G1904;Stichtse Vecht;WK190407;Tienhoven;BU19040703;Tienhoven-Oud Maarsseveen;0333100000012122;Dorpshuis de Veenkluit;Migchels, G.;CDA;0;134153;464206;52.16562;5.08251;134412;463412;52.16562;5.08251;135219;464551;52.15849;5.86349;Tienhoven;7
WS-HDSR2019;G1904;Stichtse Vecht;WK190407;Tienhoven;BU19040703;Tienhoven-Oud Maarsseveen;0333100000012122;Dorpshuis de Veenkluit;Baars, J.G.;CDA;0;134153;464206;52.16562;5.08251;134412;463412;52.16562;5.08251;135219;464551;52.15849;5.86349;Tienhoven;7
WS-HDSR2019;G1904;Stichtse Vecht;WK190407;Tienhoven;BU19040703;Tienhoven-Oud Maarsseveen;0333100000012122;Dorpshuis de Veenkluit;Blom-Oosterhoff, R.C.;CDA;0;134153;464206;52.16562;5.08251;134412;463412;52.16562;5.08251;135219;464551;52.15849;5.86349;Tienhoven;7
WS-HDSR2019;G1904;Stichtse Vecht;WK190407;Tienhoven;BU19040703;Tienhoven-Oud Maarsseveen;0333100000012122;Dorpshuis de Veenkluit;Jansen op de Haar, C.G.;Partij van de Arbeid (P.v.d.A.);0;134153;464206;52.16562;5.08251;134412;463412;52.16562;5.08251;135219;464551;52.15849;5.86349;Tienhoven;7
WS-HDSR2019;G1904;Stichtse Vecht;WK190407;Tienhoven;BU19040703;Tienhoven-Oud Maarsseveen;0333100000012122;Dorpshuis de Veenkluit;van Zoelen, N.M.;Partij van de Arbeid (P.v.d.A.);0;134153;464206;52.16562;5.08251;134412;463412;52.16562;5.08251;135219;464551;52.15849;5.86349;Tienhoven;7
WS-HDSR2019;G1904;Stichtse Vecht;WK190407;Tienhoven;BU19040703;Tienhoven-Oud Maarsseveen;0333100000012122;Dorpshuis de Veenkluit;van Bork, F.J.;Partij van de Arbeid (P.v.d.A.);0;134153;464206;52.16562;5.08251;134412;463412;52.16562;5.08251;135219;464551;52.15849;5.86349;Tienhoven;7
WS-HDSR2019;G1904;Stichtse Vecht;WK190407;Tienhoven;BU19040703;Tienhoven-Oud Maarsseveen;0333100000012122;Dorpshuis de Veenkluit;Heesen, W.A.;Partij van de Arbeid (P.v.d.A.);0;134153;464206;52.16562;5.08251;134412;463412;52.16562;5.08251;135219;464551;52.15849;5.86349;Tienhoven;7
WS-HDSR2019;G1904;Stichtse Vecht;WK190407;Tienhoven;BU19040703;Tienhoven-Oud Maarsseveen;0333100000012122;Dorpshuis de Veenkluit;Reerink, J.G.M.;Partij van de Arbeid (P.v.d.A.);0;134153;464206;52.16562;5.08251;134412;463412;52.16562;5.08251;135219;464551;52.15849;5.86349;Tienhoven;7
WS-HDSR2019;G1904;Stichtse Vecht;WK190407;Tienhoven;BU19040703;Tienhoven-Oud Maarsseveen;0333100000012122;Dorpshuis de Veenkluit;Mulder, G.G.J.;Partij van de Arbeid (P.v.d.A.);0;134153;464206;52.16562;5.08251;134412;463412;52.16562;5.08251;135219;464551;52.15849;5.86349;Tienhoven;7
WS-HDSR2019;G1904;Stichtse Vecht;WK190407;Tienhoven;BU19040703;Tienhoven-Oud Maarsseveen;0333100000012122;Dorpshuis de Veenkluit;Steen, J.H.;Partij van de Arbeid (P.v.d.A.);0;134153;464206;52.16562;5.08251;134412;463412;52.16562;5.08251;135219;464551;52.15849;5.86349;Tienhoven;7
WS-HDSR2019;G1904;Stichtse Vecht;WK190407;Tienhoven;BU19040703;Tienhoven-Oud Maarsseveen;0333100000012122;Dorpshuis de Veenkluit;Jeddaoui, S.;Partij van de Arbeid (P.v.d.A.);0;134153;464206;52.16562;5.08251;134412;463412;52.16562;5.08251;135219;464551;52.15849;5.86349;Tienhoven;7
WS-HDSR2019;G1904;Stichtse Vecht;WK190407;Tienhoven;BU19040703;Tienhoven-Oud Maarsseveen;0333100000012122;Dorpshuis de Veenkluit;Meijerink, M.S.J.;Partij van de Arbeid (P.v.d.A.);0;134153;464206;52.16562;5.08251;134412;463412;52.16562;5.08251;135219;464551;52.15849;5.86349;Tienhoven;7
WS-HDSR2019;G1904;Stichtse Vecht;WK190407;Tienhoven;BU19040703;Tienhoven-Oud Maarsseveen;0333100000012122;Dorpshuis de Veenkluit;Dubbink, J.;Partij van de Arbeid (P.v.d.A.);0;134153;464206;52.16562;5.08251;134412;463412;52.16562;5.08251;135219;464551;52.15849;5.86349;Tienhoven;7
WS-HDSR2019;G1904;Stichtse Vecht;WK190407;Tienhoven;BU19040703;Tienhoven-Oud Maarsseveen;0333100000012122;Dorpshuis de Veenkluit;Kaas, D.;Partij van de Arbeid (P.v.d.A.);0;134153;464206;52.16562;5.08251;134412;463412;52.16562;5.08251;135219;464551;52.15849;5.86349;Tienhoven;7
WS-HDSR2019;G1904;Stichtse Vecht;WK190407;Tienhoven;BU19040703;Tienhoven-Oud Maarsseveen;0333100000012122;Dorpshuis de Veenkluit;van Dijk, M.J.;Partij van de Arbeid (P.v.d.A.);0;134153;464206;52.16562;5.08251;134412;463412;52.16562;5.08251;135219;464551;52.15849;5.86349;Tienhoven;7
WS-HDSR2019;G1904;Stichtse Vecht;WK190407;Tienhoven;BU19040703;Tienhoven-Oud Maarsseveen;0333100000012122;Dorpshuis de Veenkluit;Boer, A.;Partij van de Arbeid (P.v.d.A.);0;134153;464206;52.16562;5.08251;134412;463412;52.16562;5.08251;135219;464551;52.15849;5.86349;Tienhoven;7
WS-HDSR2019;G1904;Stichtse Vecht;WK190407;Tienhoven;BU19040703;Tienhoven-Oud Maarsseveen;0333100000012122;Dorpshuis de Veenkluit;Dibi, B.;Partij van de Arbeid (P.v.d.A.);0;134153;464206;52.16562;5.08251;134412;463412;52.16562;5.08251;135219;464551;52.15849;5.86349;Tienhoven;7
WS-HDSR2019;G1904;Stichtse Vecht;WK190407;Tienhoven;BU19040703;Tienhoven-Oud Maarsseveen;0333100000012122;Dorpshuis de Veenkluit;van Hoof-Ward, M.;Partij van de Arbeid (P.v.d.A.);0;134153;464206;52.16562;5.08251;134412;463412;52.16562;5.08251;135219;464551;52.15849;5.86349;Tienhoven;7
WS-HDSR2019;G1904;Stichtse Vecht;WK190407;Tienhoven;BU19040703;Tienhoven-Oud Maarsseveen;0333100000012122;Dorpshuis de Veenkluit;van Alfen, I.H.;Partij van de Arbeid (P.v.d.A.);0;134153;464206;52.16562;5.08251;134412;463412;52.16562;5.08251;135219;464551;52.15849;5.86349;Tienhoven;7
WS-HDSR2019;G1904;Stichtse Vecht;WK190407;Tienhoven;BU19040703;Tienhoven-Oud Maarsseveen;0333100000012122;Dorpshuis de Veenkluit;Vellekoop, L.E.C.;Partij van de Arbeid (P.v.d.A.);0;134153;464206;52.16562;5.08251;134412;463412;52.16562;5.08251;135219;464551;52.15849;5.86349;Tienhoven;7
WS-HDSR2019;G1904;Stichtse Vecht;WK190407;Tienhoven;BU19040703;Tienhoven-Oud Maarsseveen;0333100000012122;Dorpshuis de Veenkluit;Travaille, A.;Partij voor de Dieren;0;134153;464206;52.16562;5.08251;134412;463412;52.16562;5.08251;135219;464551;52.15849;5.86349;Tienhoven;7
WS-HDSR2019;G1904;Stichtse Vecht;WK190407;Tienhoven;BU19040703;Tienhoven-Oud Maarsseveen;0333100000012122;Dorpshuis de Veenkluit;van der Steeg, W.;Partij voor de Dieren;0;134153;464206;52.16562;5.08251;134412;463412;52.16562;5.08251;135219;464551;52.15849;5.86349;Tienhoven;7
WS-HDSR2019;G1904;Stichtse Vecht;WK190407;Tienhoven;BU19040703;Tienhoven-Oud Maarsseveen;0333100000012122;Dorpshuis de Veenkluit;van der Kruk, R.;Partij voor de Dieren;0;134153;464206;52.16562;5.08251;134412;463412;52.16562;5.08251;135219;464551;52.15849;5.86349;Tienhoven;7
WS-HDSR2019;G1904;Stichtse Vecht;WK190407;Tienhoven;BU19040703;Tienhoven-Oud Maarsseveen;0333100000012122;Dorpshuis de Veenkluit;Dam, F.;Partij voor de Dieren;0;134153;464206;52.16562;5.08251;134412;463412;52.16562;5.08251;135219;464551;52.15849;5.86349;Tienhoven;7
WS-HDSR2019;G1904;Stichtse Vecht;WK190407;Tienhoven;BU19040703;Tienhoven-Oud Maarsseveen;0333100000012122;Dorpshuis de Veenkluit;Hendriks, M.A.;Partij voor de Dieren;0;134153;464206;52.16562;5.08251;134412;463412;52.16562;5.08251;135219;464551;52.15849;5.86349;Tienhoven;7
WS-HDSR2019;G1904;Stichtse Vecht;WK190407;Tienhoven;BU19040703;Tienhoven-Oud Maarsseveen;0333100000012122;Dorpshuis de Veenkluit;Korteweg, E.I.;Partij voor de Dieren;0;134153;464206;52.16562;5.08251;134412;463412;52.16562;5.08251;135219;464551;52.15849;5.86349;Tienhoven;7
WS-HDSR2019;G1904;Stichtse Vecht;WK190407;Tienhoven;BU19040703;Tienhoven-Oud Maarsseveen;0333100000012122;Dorpshuis de Veenkluit;Verkleij-Torenbeek, C.;Partij voor de Dieren;0;134153;464206;52.16562;5.08251;134412;463412;52.16562;5.08251;135219;464551;52.15849;5.86349;Tienhoven;7
WS-HDSR2019;G1904;Stichtse Vecht;WK190407;Tienhoven;BU19040703;Tienhoven-Oud Maarsseveen;0333100000012122;Dorpshuis de Veenkluit;Oskam, S.W.;Partij voor de Dieren;0;134153;464206;52.16562;5.08251;134412;463412;52.16562;5.08251;135219;464551;52.15849;5.86349;Tienhoven;7
WS-HDSR2019;G1904;Stichtse Vecht;WK190407;Tienhoven;BU19040703;Tienhoven-Oud Maarsseveen;0333100000012122;Dorpshuis de Veenkluit;Bodewitz, W.A.;Partij voor de Dieren;0;134153;464206;52.16562;5.08251;134412;463412;52.16562;5.08251;135219;464551;52.15849;5.86349;Tienhoven;7
WS-HDSR2019;G1904;Stichtse Vecht;WK190407;Tienhoven;BU19040703;Tienhoven-Oud Maarsseveen;0333100000012122;Dorpshuis de Veenkluit;Verkaik, E.;Waterschap@inwonersbelangen;0;134153;464206;52.16562;5.08251;134412;463412;52.16562;5.08251;135219;464551;52.15849;5.86349;Tienhoven;7
WS-HDSR2019;G1904;Stichtse Vecht;WK190407;Tienhoven;BU19040703;Tienhoven-Oud Maarsseveen;0333100000012122;Dorpshuis de Veenkluit;Ketting, H.B.G.;Waterschap@inwonersbelangen;1;134153;464206;52.16562;5.08251;134412;463412;52.16562;5.08251;135219;464551;52.15849;5.86349;Tienhoven;7
WS-HDSR2019;G1904;Stichtse Vecht;WK190407;Tienhoven;BU19040703;Tienhoven-Oud Maarsseveen;0333100000012122;Dorpshuis de Veenkluit;Haaxma, A.;Waterschap@inwonersbelangen;0;134153;464206;52.16562;5.08251;134412;463412;52.16562;5.08251;135219;464551;52.15849;5.86349;Tienhoven;7
WS-HDSR2019;G1904;Stichtse Vecht;WK190407;Tienhoven;BU19040703;Tienhoven-Oud Maarsseveen;0333100000012122;Dorpshuis de Veenkluit;Zandbergen, G.;Waterschap@inwonersbelangen;0;134153;464206;52.16562;5.08251;134412;463412;52.16562;5.08251;135219;464551;52.15849;5.86349;Tienhoven;7
WS-HDSR2019;G1904;Stichtse Vecht;WK190407;Tienhoven;BU19040703;Tienhoven-Oud Maarsseveen;0333100000012122;Dorpshuis de Veenkluit;van Leeuwen-van der Horst, L.P.T.;Waterschap@inwonersbelangen;0;134153;464206;52.16562;5.08251;134412;463412;52.16562;5.08251;135219;464551;52.15849;5.86349;Tienhoven;7
WS-HDSR2019;G1904;Stichtse Vecht;WK190407;Tienhoven;BU19040703;Tienhoven-Oud Maarsseveen;0333100000012122;Dorpshuis de Veenkluit;van der Does, J.C.;Waterschap@inwonersbelangen;0;134153;464206;52.16562;5.08251;134412;463412;52.16562;5.08251;135219;464551;52.15849;5.86349;Tienhoven;7
WS-HDSR2019;G1904;Stichtse Vecht;WK190407;Tienhoven;BU19040703;Tienhoven-Oud Maarsseveen;0333100000012122;Dorpshuis de Veenkluit;van Niel, D.A.;Waterschap@inwonersbelangen;0;134153;464206;52.16562;5.08251;134412;463412;52.16562;5.08251;135219;464551;52.15849;5.86349;Tienhoven;7
WS-HDSR2019;G1904;Stichtse Vecht;WK190407;Tienhoven;BU19040703;Tienhoven-Oud Maarsseveen;0333100000012122;Dorpshuis de Veenkluit;Borst-Kruithof, K.;Waterschap@inwonersbelangen;0;134153;464206;52.16562;5.08251;134412;463412;52.16562;5.08251;135219;464551;52.15849;5.86349;Tienhoven;7
WS-HDSR2019;G1904;Stichtse Vecht;WK190407;Tienhoven;BU19040703;Tienhoven-Oud Maarsseveen;0333100000012122;Dorpshuis de Veenkluit;Voorendt, T.C.M.;Waterschap@inwonersbelangen;0;134153;464206;52.16562;5.08251;134412;463412;52.16562;5.08251;135219;464551;52.15849;5.86349;Tienhoven;7
WS-HDSR2019;G1904;Stichtse Vecht;WK190407;Tienhoven;BU19040703;Tienhoven-Oud Maarsseveen;0333100000012122;Dorpshuis de Veenkluit;de With, F.;Waterschap@inwonersbelangen;0;134153;464206;52.16562;5.08251;134412;463412;52.16562;5.08251;135219;464551;52.15849;5.86349;Tienhoven;7
WS-HDSR2019;G1904;Stichtse Vecht;WK190407;Tienhoven;BU19040703;Tienhoven-Oud Maarsseveen;0333100000012122;Dorpshuis de Veenkluit;Boer, W.J.;Waterschap@inwonersbelangen;0;134153;464206;52.16562;5.08251;134412;463412;52.16562;5.08251;135219;464551;52.15849;5.86349;Tienhoven;7
WS-HDSR2019;G1904;Stichtse Vecht;WK190407;Tienhoven;BU19040703;Tienhoven-Oud Maarsseveen;0333100000012122;Dorpshuis de Veenkluit;Verkaik, L.J.C.;Waterschap@inwonersbelangen;0;134153;464206;52.16562;5.08251;134412;463412;52.16562;5.08251;135219;464551;52.15849;5.86349;Tienhoven;7
WS-HDSR2019;G1904;Stichtse Vecht;WK190407;Tienhoven;BU19040703;Tienhoven-Oud Maarsseveen;0333100000012122;Dorpshuis de Veenkluit;Streekstra, S.;Waterschap@inwonersbelangen;0;134153;464206;52.16562;5.08251;134412;463412;52.16562;5.08251;135219;464551;52.15849;5.86349;Tienhoven;7
WS-HDSR2019;G1904;Stichtse Vecht;WK190407;Tienhoven;BU19040703;Tienhoven-Oud Maarsseveen;0333100000012122;Dorpshuis de Veenkluit;van Kranenburg, C.J.;ChristenUnie;0;134153;464206;52.16562;5.08251;134412;463412;52.16562;5.08251;135219;464551;52.15849;5.86349;Tienhoven;7
WS-HDSR2019;G1904;Stichtse Vecht;WK190407;Tienhoven;BU19040703;Tienhoven-Oud Maarsseveen;0333100000012122;Dorpshuis de Veenkluit;van de Belt, D.;ChristenUnie;0;134153;464206;52.16562;5.08251;134412;463412;52.16562;5.08251;135219;464551;52.15849;5.86349;Tienhoven;7
WS-HDSR2019;G1904;Stichtse Vecht;WK190407;Tienhoven;BU19040703;Tienhoven-Oud Maarsseveen;0333100000012122;Dorpshuis de Veenkluit;Pleijsier, C.S.;ChristenUnie;0;134153;464206;52.16562;5.08251;134412;463412;52.16562;5.08251;135219;464551;52.15849;5.86349;Tienhoven;7
WS-HDSR2019;G1904;Stichtse Vecht;WK190407;Tienhoven;BU19040703;Tienhoven-Oud Maarsseveen;0333100000012122;Dorpshuis de Veenkluit;Zeef, P.H.H.;ChristenUnie;0;134153;464206;52.16562;5.08251;134412;463412;52.16562;5.08251;135219;464551;52.15849;5.86349;Tienhoven;7
WS-HDSR2019;G1904;Stichtse Vecht;WK190407;Tienhoven;BU19040703;Tienhoven-Oud Maarsseveen;0333100000012122;Dorpshuis de Veenkluit;Voortman, D.G.J.;ChristenUnie;0;134153;464206;52.16562;5.08251;134412;463412;52.16562;5.08251;135219;464551;52.15849;5.86349;Tienhoven;7
WS-HDSR2019;G1904;Stichtse Vecht;WK190407;Tienhoven;BU19040703;Tienhoven-Oud Maarsseveen;0333100000012122;Dorpshuis de Veenkluit;Snoek, H.C.;ChristenUnie;0;134153;464206;52.16562;5.08251;134412;463412;52.16562;5.08251;135219;464551;52.15849;5.86349;Tienhoven;7
WS-HDSR2019;G1904;Stichtse Vecht;WK190407;Tienhoven;BU19040703;Tienhoven-Oud Maarsseveen;0333100000012122;Dorpshuis de Veenkluit;van der Grift, C.M.;ChristenUnie;0;134153;464206;52.16562;5.08251;134412;463412;52.16562;5.08251;135219;464551;52.15849;5.86349;Tienhoven;7
WS-HDSR2019;G1904;Stichtse Vecht;WK190407;Tienhoven;BU19040703;Tienhoven-Oud Maarsseveen;0333100000012122;Dorpshuis de Veenkluit;Reinders, M.J.;ChristenUnie;0;134153;464206;52.16562;5.08251;134412;463412;52.16562;5.08251;135219;464551;52.15849;5.86349;Tienhoven;7
WS-HDSR2019;G1904;Stichtse Vecht;WK190407;Tienhoven;BU19040703;Tienhoven-Oud Maarsseveen;0333100000012122;Dorpshuis de Veenkluit;Benders-Molenaar, M.;ChristenUnie;0;134153;464206;52.16562;5.08251;134412;463412;52.16562;5.08251;135219;464551;52.15849;5.86349;Tienhoven;7
WS-HDSR2019;G1904;Stichtse Vecht;WK190407;Tienhoven;BU19040703;Tienhoven-Oud Maarsseveen;0333100000012122;Dorpshuis de Veenkluit;van Wijnen, D.A.;ChristenUnie;0;134153;464206;52.16562;5.08251;134412;463412;52.16562;5.08251;135219;464551;52.15849;5.86349;Tienhoven;7
WS-HDSR2019;G1904;Stichtse Vecht;WK190407;Tienhoven;BU19040703;Tienhoven-Oud Maarsseveen;0333100000012122;Dorpshuis de Veenkluit;Voorberg, C.Z.;ChristenUnie;0;134153;464206;52.16562;5.08251;134412;463412;52.16562;5.08251;135219;464551;52.15849;5.86349;Tienhoven;7
WS-HDSR2019;G1904;Stichtse Vecht;WK190407;Tienhoven;BU19040703;Tienhoven-Oud Maarsseveen;0333100000012122;Dorpshuis de Veenkluit;Roetman, I.C.;ChristenUnie;0;134153;464206;52.16562;5.08251;134412;463412;52.16562;5.08251;135219;464551;52.15849;5.86349;Tienhoven;7
WS-HDSR2019;G1904;Stichtse Vecht;WK190407;Tienhoven;BU19040703;Tienhoven-Oud Maarsseveen;0333100000012122;Dorpshuis de Veenkluit;Wentink, A.G.;ChristenUnie;0;134153;464206;52.16562;5.08251;134412;463412;52.16562;5.08251;135219;464551;52.15849;5.86349;Tienhoven;7
WS-HDSR2019;G1904;Stichtse Vecht;WK190407;Tienhoven;BU19040703;Tienhoven-Oud Maarsseveen;0333100000012122;Dorpshuis de Veenkluit;Pape-van Genderen, C.A.;ChristenUnie;0;134153;464206;52.16562;5.08251;134412;463412;52.16562;5.08251;135219;464551;52.15849;5.86349;Tienhoven;7
WS-HDSR2019;G1904;Stichtse Vecht;WK190407;Tienhoven;BU19040703;Tienhoven-Oud Maarsseveen;0333100000012122;Dorpshuis de Veenkluit;Taute, G.;ChristenUnie;0;134153;464206;52.16562;5.08251;134412;463412;52.16562;5.08251;135219;464551;52.15849;5.86349;Tienhoven;7
WS-HDSR2019;G1904;Stichtse Vecht;WK190407;Tienhoven;BU19040703;Tienhoven-Oud Maarsseveen;0333100000012122;Dorpshuis de Veenkluit;Meijer, J.H.;ChristenUnie;0;134153;464206;52.16562;5.08251;134412;463412;52.16562;5.08251;135219;464551;52.15849;5.86349;Tienhoven;7
WS-HDSR2019;G1904;Stichtse Vecht;WK190407;Tienhoven;BU19040703;Tienhoven-Oud Maarsseveen;0333100000012122;Dorpshuis de Veenkluit;van Dalen-van Hierden, B.;ChristenUnie;0;134153;464206;52.16562;5.08251;134412;463412;52.16562;5.08251;135219;464551;52.15849;5.86349;Tienhoven;7
WS-HDSR2019;G1904;Stichtse Vecht;WK190407;Tienhoven;BU19040703;Tienhoven-Oud Maarsseveen;0333100000012122;Dorpshuis de Veenkluit;van der Ven, A.;ChristenUnie;0;134153;464206;52.16562;5.08251;134412;463412;52.16562;5.08251;135219;464551;52.15849;5.86349;Tienhoven;7
WS-HDSR2019;G1904;Stichtse Vecht;WK190407;Tienhoven;BU19040703;Tienhoven-Oud Maarsseveen;0333100000012122;Dorpshuis de Veenkluit;van Utrecht, D.;ChristenUnie;0;134153;464206;52.16562;5.08251;134412;463412;52.16562;5.08251;135219;464551;52.15849;5.86349;Tienhoven;7
WS-HDSR2019;G1904;Stichtse Vecht;WK190407;Tienhoven;BU19040703;Tienhoven-Oud Maarsseveen;0333100000012122;Dorpshuis de Veenkluit;Lont, B.C.;ChristenUnie;0;134153;464206;52.16562;5.08251;134412;463412;52.16562;5.08251;135219;464551;52.15849;5.86349;Tienhoven;7
WS-HDSR2019;G1904;Stichtse Vecht;WK190407;Tienhoven;BU19040703;Tienhoven-Oud Maarsseveen;0333100000012122;Dorpshuis de Veenkluit;Bos, P.W.;ChristenUnie;0;134153;464206;52.16562;5.08251;134412;463412;52.16562;5.08251;135219;464551;52.15849;5.86349;Tienhoven;7
WS-HDSR2019;G1904;Stichtse Vecht;WK190407;Tienhoven;BU19040703;Tienhoven-Oud Maarsseveen;0333100000012122;Dorpshuis de Veenkluit;Kool, A.;ChristenUnie;0;134153;464206;52.16562;5.08251;134412;463412;52.16562;5.08251;135219;464551;52.15849;5.86349;Tienhoven;7
WS-HDSR2019;G1904;Stichtse Vecht;WK190407;Tienhoven;BU19040703;Tienhoven-Oud Maarsseveen;0333100000012122;Dorpshuis de Veenkluit;Schaddelee, A.J.;ChristenUnie;0;134153;464206;52.16562;5.08251;134412;463412;52.16562;5.08251;135219;464551;52.15849;5.86349;Tienhoven;7
WS-HDSR2019;G1904;Stichtse Vecht;WK190407;Tienhoven;BU19040703;Tienhoven-Oud Maarsseveen;0333100000012122;Dorpshuis de Veenkluit;Dieperink, C.;AWP niet politiek, wel deskundig;0;134153;464206;52.16562;5.08251;134412;463412;52.16562;5.08251;135219;464551;52.15849;5.86349;Tienhoven;7
WS-HDSR2019;G1904;Stichtse Vecht;WK190407;Tienhoven;BU19040703;Tienhoven-Oud Maarsseveen;0333100000012122;Dorpshuis de Veenkluit;Verweij, J.P.;AWP niet politiek, wel deskundig;0;134153;464206;52.16562;5.08251;134412;463412;52.16562;5.08251;135219;464551;52.15849;5.86349;Tienhoven;7
WS-HDSR2019;G1904;Stichtse Vecht;WK190407;Tienhoven;BU19040703;Tienhoven-Oud Maarsseveen;0333100000012122;Dorpshuis de Veenkluit;Moinier, S.;AWP niet politiek, wel deskundig;0;134153;464206;52.16562;5.08251;134412;463412;52.16562;5.08251;135219;464551;52.15849;5.86349;Tienhoven;7
WS-HDSR2019;G1904;Stichtse Vecht;WK190407;Tienhoven;BU19040703;Tienhoven-Oud Maarsseveen;0333100000012122;Dorpshuis de Veenkluit;Heidema, A.;AWP niet politiek, wel deskundig;0;134153;464206;52.16562;5.08251;134412;463412;52.16562;5.08251;135219;464551;52.15849;5.86349;Tienhoven;7
WS-HDSR2019;G1904;Stichtse Vecht;WK190407;Tienhoven;BU19040703;Tienhoven-Oud Maarsseveen;0333100000012122;Dorpshuis de Veenkluit;Keessen, A.M.;AWP niet politiek, wel deskundig;0;134153;464206;52.16562;5.08251;134412;463412;52.16562;5.08251;135219;464551;52.15849;5.86349;Tienhoven;7
WS-HDSR2019;G1904;Stichtse Vecht;WK190407;Tienhoven;BU19040703;Tienhoven-Oud Maarsseveen;0333100000012122;Dorpshuis de Veenkluit;Moor, J.A.P.M.;AWP niet politiek, wel deskundig;0;134153;464206;52.16562;5.08251;134412;463412;52.16562;5.08251;135219;464551;52.15849;5.86349;Tienhoven;7
WS-HDSR2019;G1904;Stichtse Vecht;WK190407;Tienhoven;BU19040703;Tienhoven-Oud Maarsseveen;0333100000012122;Dorpshuis de Veenkluit;de Leeuw-Bosch, E.;AWP niet politiek, wel deskundig;0;134153;464206;52.16562;5.08251;134412;463412;52.16562;5.08251;135219;464551;52.15849;5.86349;Tienhoven;7
WS-HDSR2019;G1904;Stichtse Vecht;WK190407;Tienhoven;BU19040703;Tienhoven-Oud Maarsseveen;0333100000012122;Dorpshuis de Veenkluit;Koop, S.H.A.;AWP niet politiek, wel deskundig;0;134153;464206;52.16562;5.08251;134412;463412;52.16562;5.08251;135219;464551;52.15849;5.86349;Tienhoven;7
WS-HDSR2019;G1904;Stichtse Vecht;WK190407;Tienhoven;BU19040703;Tienhoven-Oud Maarsseveen;0333100000012122;Dorpshuis de Veenkluit;Hiemstra, A.;AWP niet politiek, wel deskundig;0;134153;464206;52.16562;5.08251;134412;463412;52.16562;5.08251;135219;464551;52.15849;5.86349;Tienhoven;7
WS-HDSR2019;G1904;Stichtse Vecht;WK190407;Tienhoven;BU19040703;Tienhoven-Oud Maarsseveen;0333100000012122;Dorpshuis de Veenkluit;van der Veen, B.J.;AWP niet politiek, wel deskundig;0;134153;464206;52.16562;5.08251;134412;463412;52.16562;5.08251;135219;464551;52.15849;5.86349;Tienhoven;7
WS-HDSR2019;G1904;Stichtse Vecht;WK190407;Tienhoven;BU19040703;Tienhoven-Oud Maarsseveen;0333100000012122;Dorpshuis de Veenkluit;Gilissen, H.K.;AWP niet politiek, wel deskundig;0;134153;464206;52.16562;5.08251;134412;463412;52.16562;5.08251;135219;464551;52.15849;5.86349;Tienhoven;7
WS-HDSR2019;G1904;Stichtse Vecht;WK190407;Tienhoven;BU19040703;Tienhoven-Oud Maarsseveen;0333100000012122;Dorpshuis de Veenkluit;van Leeuwen, C.J.;AWP niet politiek, wel deskundig;0;134153;464206;52.16562;5.08251;134412;463412;52.16562;5.08251;135219;464551;52.15849;5.86349;Tienhoven;7
WS-HDSR2019;G1904;Stichtse Vecht;WK190407;Tienhoven;BU19040703;Tienhoven-Oud Maarsseveen;0333100000012122;Dorpshuis de Veenkluit;Jansen, A. E.;AWP niet politiek, wel deskundig;0;134153;464206;52.16562;5.08251;134412;463412;52.16562;5.08251;135219;464551;52.15849;5.86349;Tienhoven;7
WS-HDSR2019;G1904;Stichtse Vecht;WK190407;Tienhoven;BU19040703;Tienhoven-Oud Maarsseveen;0333100000012122;Dorpshuis de Veenkluit;van Os, F.;Staatkundig Gereformeerde Partij (SGP);0;134153;464206;52.16562;5.08251;134412;463412;52.16562;5.08251;135219;464551;52.15849;5.86349;Tienhoven;7
WS-HDSR2019;G1904;Stichtse Vecht;WK190407;Tienhoven;BU19040703;Tienhoven-Oud Maarsseveen;0333100000012122;Dorpshuis de Veenkluit;van Zetten, J.N.;Staatkundig Gereformeerde Partij (SGP);0;134153;464206;52.16562;5.08251;134412;463412;52.16562;5.08251;135219;464551;52.15849;5.86349;Tienhoven;7
WS-HDSR2019;G1904;Stichtse Vecht;WK190407;Tienhoven;BU19040703;Tienhoven-Oud Maarsseveen;0333100000012122;Dorpshuis de Veenkluit;van der Wind, J.J.;Staatkundig Gereformeerde Partij (SGP);0;134153;464206;52.16562;5.08251;134412;463412;52.16562;5.08251;135219;464551;52.15849;5.86349;Tienhoven;7
WS-HDSR2019;G1904;Stichtse Vecht;WK190407;Tienhoven;BU19040703;Tienhoven-Oud Maarsseveen;0333100000012122;Dorpshuis de Veenkluit;Verweij, K.C.;Staatkundig Gereformeerde Partij (SGP);0;134153;464206;52.16562;5.08251;134412;463412;52.16562;5.08251;135219;464551;52.15849;5.86349;Tienhoven;7
WS-HDSR2019;G1904;Stichtse Vecht;WK190407;Tienhoven;BU19040703;Tienhoven-Oud Maarsseveen;0333100000012122;Dorpshuis de Veenkluit;van Leeuwen, G.;Staatkundig Gereformeerde Partij (SGP);0;134153;464206;52.16562;5.08251;134412;463412;52.16562;5.08251;135219;464551;52.15849;5.86349;Tienhoven;7
WS-HDSR2019;G1904;Stichtse Vecht;WK190407;Tienhoven;BU19040703;Tienhoven-Oud Maarsseveen;0333100000012122;Dorpshuis de Veenkluit;de Groot, L.;Staatkundig Gereformeerde Partij (SGP);0;134153;464206;52.16562;5.08251;134412;463412;52.16562;5.08251;135219;464551;52.15849;5.86349;Tienhoven;7
WS-HDSR2019;G1904;Stichtse Vecht;WK190407;Tienhoven;BU19040703;Tienhoven-Oud Maarsseveen;0333100000012122;Dorpshuis de Veenkluit;Boonzaaijer, G.;Staatkundig Gereformeerde Partij (SGP);0;134153;464206;52.16562;5.08251;134412;463412;52.16562;5.08251;135219;464551;52.15849;5.86349;Tienhoven;7
WS-HDSR2019;G1904;Stichtse Vecht;WK190407;Tienhoven;BU19040703;Tienhoven-Oud Maarsseveen;0333100000012122;Dorpshuis de Veenkluit;Broere, J.;Staatkundig Gereformeerde Partij (SGP);0;134153;464206;52.16562;5.08251;134412;463412;52.16562;5.08251;135219;464551;52.15849;5.86349;Tienhoven;7
WS-HDSR2019;G1904;Stichtse Vecht;WK190407;Tienhoven;BU19040703;Tienhoven-Oud Maarsseveen;0333100000012122;Dorpshuis de Veenkluit;Marchal, J.;Staatkundig Gereformeerde Partij (SGP);0;134153;464206;52.16562;5.08251;134412;463412;52.16562;5.08251;135219;464551;52.15849;5.86349;Tienhoven;7
WS-HDSR2019;G1904;Stichtse Vecht;WK190407;Tienhoven;BU19040703;Tienhoven-Oud Maarsseveen;0333100000012122;Dorpshuis de Veenkluit;van Woudenberg, J.;Staatkundig Gereformeerde Partij (SGP);0;134153;464206;52.16562;5.08251;134412;463412;52.16562;5.08251;135219;464551;52.15849;5.86349;Tienhoven;7
WS-HDSR2019;G1904;Stichtse Vecht;WK190407;Tienhoven;BU19040703;Tienhoven-Oud Maarsseveen;0333100000012122;Dorpshuis de Veenkluit;Verduijn, A.;Staatkundig Gereformeerde Partij (SGP);0;134153;464206;52.16562;5.08251;134412;463412;52.16562;5.08251;135219;464551;52.15849;5.86349;Tienhoven;7
WS-HDSR2019;G1904;Stichtse Vecht;WK190407;Tienhoven;BU19040703;Tienhoven-Oud Maarsseveen;0333100000012122;Dorpshuis de Veenkluit;Rijneveld, C.;Staatkundig Gereformeerde Partij (SGP);0;134153;464206;52.16562;5.08251;134412;463412;52.16562;5.08251;135219;464551;52.15849;5.86349;Tienhoven;7
WS-HDSR2019;G1904;Stichtse Vecht;WK190407;Tienhoven;BU19040703;Tienhoven-Oud Maarsseveen;0333100000012122;Dorpshuis de Veenkluit;Doornenbal, G.;Staatkundig Gereformeerde Partij (SGP);0;134153;464206;52.16562;5.08251;134412;463412;52.16562;5.08251;135219;464551;52.15849;5.86349;Tienhoven;7
WS-HDSR2019;G1904;Stichtse Vecht;WK190407;Tienhoven;BU19040703;Tienhoven-Oud Maarsseveen;0333100000012122;Dorpshuis de Veenkluit;van Vulpen, C.;Staatkundig Gereformeerde Partij (SGP);0;134153;464206;52.16562;5.08251;134412;463412;52.16562;5.08251;135219;464551;52.15849;5.86349;Tienhoven;7
WS-HDSR2019;G1904;Stichtse Vecht;WK190407;Tienhoven;BU19040703;Tienhoven-Oud Maarsseveen;0333100000012122;Dorpshuis de Veenkluit;Benschop, J.W.;Staatkundig Gereformeerde Partij (SGP);0;134153;464206;52.16562;5.08251;134412;463412;52.16562;5.08251;135219;464551;52.15849;5.86349;Tienhoven;7
WS-HDSR2019;G1904;Stichtse Vecht;WK190407;Tienhoven;BU19040703;Tienhoven-Oud Maarsseveen;0333100000012122;Dorpshuis de Veenkluit;van den Hoek, R.P.J.J.;50PLUS;0;134153;464206;52.16562;5.08251;134412;463412;52.16562;5.08251;135219;464551;52.15849;5.86349;Tienhoven;7
WS-HDSR2019;G1904;Stichtse Vecht;WK190407;Tienhoven;BU19040703;Tienhoven-Oud Maarsseveen;0333100000012122;Dorpshuis de Veenkluit;Schalkwijk, G.M.;50PLUS;0;134153;464206;52.16562;5.08251;134412;463412;52.16562;5.08251;135219;464551;52.15849;5.86349;Tienhoven;7
WS-HDSR2019;G1904;Stichtse Vecht;WK190407;Tienhoven;BU19040703;Tienhoven-Oud Maarsseveen;0333100000012122;Dorpshuis de Veenkluit;de Mol, S.A.;50PLUS;0;134153;464206;52.16562;5.08251;134412;463412;52.16562;5.08251;135219;464551;52.15849;5.86349;Tienhoven;7
WS-HDSR2019;G1904;Stichtse Vecht;WK190407;Tienhoven;BU19040703;Tienhoven-Oud Maarsseveen;0333100000012122;Dorpshuis de Veenkluit;Schifferling, J.H.;50PLUS;0;134153;464206;52.16562;5.08251;134412;463412;52.16562;5.08251;135219;464551;52.15849;5.86349;Tienhoven;7
WS-HDSR2019;G1904;Stichtse Vecht;WK190407;Tienhoven;BU19040703;Tienhoven-Oud Maarsseveen;0333100000012122;Dorpshuis de Veenkluit;Cornelissen, M.P.J.;50PLUS;0;134153;464206;52.16562;5.08251;134412;463412;52.16562;5.08251;135219;464551;52.15849;5.86349;Tienhoven;7
WS-HDSR2019;G1904;Stichtse Vecht;WK190407;Tienhoven;BU19040703;Tienhoven-Oud Maarsseveen;0333100000012122;Dorpshuis de Veenkluit;Postma, R.;50PLUS;0;134153;464206;52.16562;5.08251;134412;463412;52.16562;5.08251;135219;464551;52.15849;5.86349;Tienhoven;7
WS-HDSR2019;G1904;Stichtse Vecht;WK190401;Maarssen;BU19040110;Centrum ten zuiden van de Vecht;0333100000017852;Basisschool Het Kompas;Otterman, J.A.;Water Natuurlijk;2;131125;461311;52.13948;5.03845;132100;461987;52.13948;5.03845;131219;461334;52.14560;5.52647;Maarssen;8
WS-HDSR2019;G1904;Stichtse Vecht;WK190401;Maarssen;BU19040110;Centrum ten zuiden van de Vecht;0333100000017852;Basisschool Het Kompas;Jansen, M.L.E.;Water Natuurlijk;0;131125;461311;52.13948;5.03845;132100;461987;52.13948;5.03845;131219;461334;52.14560;5.52647;Maarssen;8
WS-HDSR2019;G1904;Stichtse Vecht;WK190401;Maarssen;BU19040110;Centrum ten zuiden van de Vecht;0333100000017852;Basisschool Het Kompas;van der Heijden, J.;Water Natuurlijk;0;131125;461311;52.13948;5.03845;132100;461987;52.13948;5.03845;131219;461334;52.14560;5.52647;Maarssen;8
WS-HDSR2019;G1904;Stichtse Vecht;WK190401;Maarssen;BU19040110;Centrum ten zuiden van de Vecht;0333100000017852;Basisschool Het Kompas;Oskam, G.A.;Water Natuurlijk;0;131125;461311;52.13948;5.03845;132100;461987;52.13948;5.03845;131219;461334;52.14560;5.52647;Maarssen;8
WS-HDSR2019;G1904;Stichtse Vecht;WK190401;Maarssen;BU19040110;Centrum ten zuiden van de Vecht;0333100000017852;Basisschool Het Kompas;van der Molen, D.T.;Water Natuurlijk;0;131125;461311;52.13948;5.03845;132100;461987;52.13948;5.03845;131219;461334;52.14560;5.52647;Maarssen;8
WS-HDSR2019;G1904;Stichtse Vecht;WK190401;Maarssen;BU19040110;Centrum ten zuiden van de Vecht;0333100000017852;Basisschool Het Kompas;Dekker-Groen, A.M.;Water Natuurlijk;0;131125;461311;52.13948;5.03845;132100;461987;52.13948;5.03845;131219;461334;52.14560;5.52647;Maarssen;8
WS-HDSR2019;G1904;Stichtse Vecht;WK190401;Maarssen;BU19040110;Centrum ten zuiden van de Vecht;0333100000017852;Basisschool Het Kompas;van Dam, H.A.;Water Natuurlijk;1;131125;461311;52.13948;5.03845;132100;461987;52.13948;5.03845;131219;461334;52.14560;5.52647;Maarssen;8
WS-HDSR2019;G1904;Stichtse Vecht;WK190401;Maarssen;BU19040110;Centrum ten zuiden van de Vecht;0333100000017852;Basisschool Het Kompas;de Boer, R.A.;Water Natuurlijk;0;131125;461311;52.13948;5.03845;132100;461987;52.13948;5.03845;131219;461334;52.14560;5.52647;Maarssen;8
WS-HDSR2019;G1904;Stichtse Vecht;WK190401;Maarssen;BU19040110;Centrum ten zuiden van de Vecht;0333100000017852;Basisschool Het Kompas;van Berckel, A.R.M.;Water Natuurlijk;0;131125;461311;52.13948;5.03845;132100;461987;52.13948;5.03845;131219;461334;52.14560;5.52647;Maarssen;8
WS-HDSR2019;G1904;Stichtse Vecht;WK190401;Maarssen;BU19040110;Centrum ten zuiden van de Vecht;0333100000017852;Basisschool Het Kompas;ten Heuw, E.W.;Water Natuurlijk;0;131125;461311;52.13948;5.03845;132100;461987;52.13948;5.03845;131219;461334;52.14560;5.52647;Maarssen;8
WS-HDSR2019;G1904;Stichtse Vecht;WK190401;Maarssen;BU19040110;Centrum ten zuiden van de Vecht;0333100000017852;Basisschool Het Kompas;van der Wal, R.L.;Water Natuurlijk;0;131125;461311;52.13948;5.03845;132100;461987;52.13948;5.03845;131219;461334;52.14560;5.52647;Maarssen;8
WS-HDSR2019;G1904;Stichtse Vecht;WK190401;Maarssen;BU19040110;Centrum ten zuiden van de Vecht;0333100000017852;Basisschool Het Kompas;Kortekaas, M.L.;Water Natuurlijk;0;131125;461311;52.13948;5.03845;132100;461987;52.13948;5.03845;131219;461334;52.14560;5.52647;Maarssen;8
WS-HDSR2019;G1904;Stichtse Vecht;WK190401;Maarssen;BU19040110;Centrum ten zuiden van de Vecht;0333100000017852;Basisschool Het Kompas;Boerkamp, J.G.;Water Natuurlijk;0;131125;461311;52.13948;5.03845;132100;461987;52.13948;5.03845;131219;461334;52.14560;5.52647;Maarssen;8
WS-HDSR2019;G1904;Stichtse Vecht;WK190401;Maarssen;BU19040110;Centrum ten zuiden van de Vecht;0333100000017852;Basisschool Het Kompas;Nobel, A.C.;Water Natuurlijk;1;131125;461311;52.13948;5.03845;132100;461987;52.13948;5.03845;131219;461334;52.14560;5.52647;Maarssen;8
WS-HDSR2019;G1904;Stichtse Vecht;WK190401;Maarssen;BU19040110;Centrum ten zuiden van de Vecht;0333100000017852;Basisschool Het Kompas;Kingma, J.H.;Water Natuurlijk;0;131125;461311;52.13948;5.03845;132100;461987;52.13948;5.03845;131219;461334;52.14560;5.52647;Maarssen;8
WS-HDSR2019;G1904;Stichtse Vecht;WK190401;Maarssen;BU19040110;Centrum ten zuiden van de Vecht;0333100000017852;Basisschool Het Kompas;Aulich, K.M.;Water Natuurlijk;0;131125;461311;52.13948;5.03845;132100;461987;52.13948;5.03845;131219;461334;52.14560;5.52647;Maarssen;8
WS-HDSR2019;G1904;Stichtse Vecht;WK190401;Maarssen;BU19040110;Centrum ten zuiden van de Vecht;0333100000017852;Basisschool Het Kompas;Veldboer, S.J.H.M.;Water Natuurlijk;0;131125;461311;52.13948;5.03845;132100;461987;52.13948;5.03845;131219;461334;52.14560;5.52647;Maarssen;8
WS-HDSR2019;G1904;Stichtse Vecht;WK190401;Maarssen;BU19040110;Centrum ten zuiden van de Vecht;0333100000017852;Basisschool Het Kompas;Bijker, W.H.;Water Natuurlijk;0;131125;461311;52.13948;5.03845;132100;461987;52.13948;5.03845;131219;461334;52.14560;5.52647;Maarssen;8
WS-HDSR2019;G1904;Stichtse Vecht;WK190401;Maarssen;BU19040110;Centrum ten zuiden van de Vecht;0333100000017852;Basisschool Het Kompas;Tigchelhoff, A.;Water Natuurlijk;0;131125;461311;52.13948;5.03845;132100;461987;52.13948;5.03845;131219;461334;52.14560;5.52647;Maarssen;8
WS-HDSR2019;G1904;Stichtse Vecht;WK190401;Maarssen;BU19040110;Centrum ten zuiden van de Vecht;0333100000017852;Basisschool Het Kompas;Kloppenborg, J.F.M.;Water Natuurlijk;0;131125;461311;52.13948;5.03845;132100;461987;52.13948;5.03845;131219;461334;52.14560;5.52647;Maarssen;8
WS-HDSR2019;G1904;Stichtse Vecht;WK190401;Maarssen;BU19040110;Centrum ten zuiden van de Vecht;0333100000017852;Basisschool Het Kompas;Goedvolk, P.A.M.;Water Natuurlijk;0;131125;461311;52.13948;5.03845;132100;461987;52.13948;5.03845;131219;461334;52.14560;5.52647;Maarssen;8
WS-HDSR2019;G1904;Stichtse Vecht;WK190401;Maarssen;BU19040110;Centrum ten zuiden van de Vecht;0333100000017852;Basisschool Het Kompas;Ket, P.C.;Water Natuurlijk;0;131125;461311;52.13948;5.03845;132100;461987;52.13948;5.03845;131219;461334;52.14560;5.52647;Maarssen;8
WS-HDSR2019;G1904;Stichtse Vecht;WK190401;Maarssen;BU19040110;Centrum ten zuiden van de Vecht;0333100000017852;Basisschool Het Kompas;Gnodde, M.W.J.;Water Natuurlijk;0;131125;461311;52.13948;5.03845;132100;461987;52.13948;5.03845;131219;461334;52.14560;5.52647;Maarssen;8
WS-HDSR2019;G1904;Stichtse Vecht;WK190401;Maarssen;BU19040110;Centrum ten zuiden van de Vecht;0333100000017852;Basisschool Het Kompas;Zandvliet, H.C.A.;Water Natuurlijk;0;131125;461311;52.13948;5.03845;132100;461987;52.13948;5.03845;131219;461334;52.14560;5.52647;Maarssen;8
WS-HDSR2019;G1904;Stichtse Vecht;WK190401;Maarssen;BU19040110;Centrum ten zuiden van de Vecht;0333100000017852;Basisschool Het Kompas;Karelse, J.J.H.G.D.;Water Natuurlijk;0;131125;461311;52.13948;5.03845;132100;461987;52.13948;5.03845;131219;461334;52.14560;5.52647;Maarssen;8
WS-HDSR2019;G1904;Stichtse Vecht;WK190401;Maarssen;BU19040110;Centrum ten zuiden van de Vecht;0333100000017852;Basisschool Het Kompas;Schuhmacher, T.;Water Natuurlijk;3;131125;461311;52.13948;5.03845;132100;461987;52.13948;5.03845;131219;461334;52.14560;5.52647;Maarssen;8
WS-HDSR2019;G1904;Stichtse Vecht;WK190401;Maarssen;BU19040110;Centrum ten zuiden van de Vecht;0333100000017852;Basisschool Het Kompas;Dirkse, F.R.;Water Natuurlijk;0;131125;461311;52.13948;5.03845;132100;461987;52.13948;5.03845;131219;461334;52.14560;5.52647;Maarssen;8
WS-HDSR2019;G1904;Stichtse Vecht;WK190401;Maarssen;BU19040110;Centrum ten zuiden van de Vecht;0333100000017852;Basisschool Het Kompas;Hoogeveen, H.J.;Water Natuurlijk;0;131125;461311;52.13948;5.03845;132100;461987;52.13948;5.03845;131219;461334;52.14560;5.52647;Maarssen;8
WS-HDSR2019;G1904;Stichtse Vecht;WK190401;Maarssen;BU19040110;Centrum ten zuiden van de Vecht;0333100000017852;Basisschool Het Kompas;Langenbach, J.W.H.;Water Natuurlijk;0;131125;461311;52.13948;5.03845;132100;461987;52.13948;5.03845;131219;461334;52.14560;5.52647;Maarssen;8
WS-HDSR2019;G1904;Stichtse Vecht;WK190401;Maarssen;BU19040110;Centrum ten zuiden van de Vecht;0333100000017852;Basisschool Het Kompas;Boot, J.L.J.;Water Natuurlijk;0;131125;461311;52.13948;5.03845;132100;461987;52.13948;5.03845;131219;461334;52.14560;5.52647;Maarssen;8
WS-HDSR2019;G1904;Stichtse Vecht;WK190401;Maarssen;BU19040110;Centrum ten zuiden van de Vecht;0333100000017852;Basisschool Het Kompas;van der Vorm-Gouman, E.;Water Natuurlijk;0;131125;461311;52.13948;5.03845;132100;461987;52.13948;5.03845;131219;461334;52.14560;5.52647;Maarssen;8
WS-HDSR2019;G1904;Stichtse Vecht;WK190401;Maarssen;BU19040110;Centrum ten zuiden van de Vecht;0333100000017852;Basisschool Het Kompas;Jansen, G.J.P.;Water Natuurlijk;0;131125;461311;52.13948;5.03845;132100;461987;52.13948;5.03845;131219;461334;52.14560;5.52647;Maarssen;8
WS-HDSR2019;G1904;Stichtse Vecht;WK190401;Maarssen;BU19040110;Centrum ten zuiden van de Vecht;0333100000017852;Basisschool Het Kompas;Becht, G.F.;Water Natuurlijk;0;131125;461311;52.13948;5.03845;132100;461987;52.13948;5.03845;131219;461334;52.14560;5.52647;Maarssen;8
WS-HDSR2019;G1904;Stichtse Vecht;WK190401;Maarssen;BU19040110;Centrum ten zuiden van de Vecht;0333100000017852;Basisschool Het Kompas;van Oostenbrugge, R.;Water Natuurlijk;0;131125;461311;52.13948;5.03845;132100;461987;52.13948;5.03845;131219;461334;52.14560;5.52647;Maarssen;8
WS-HDSR2019;G1904;Stichtse Vecht;WK190401;Maarssen;BU19040110;Centrum ten zuiden van de Vecht;0333100000017852;Basisschool Het Kompas;de Jonge, P.C.;Water Natuurlijk;0;131125;461311;52.13948;5.03845;132100;461987;52.13948;5.03845;131219;461334;52.14560;5.52647;Maarssen;8
WS-HDSR2019;G1904;Stichtse Vecht;WK190401;Maarssen;BU19040110;Centrum ten zuiden van de Vecht;0333100000017852;Basisschool Het Kompas;Naber, J.M.L.;Water Natuurlijk;0;131125;461311;52.13948;5.03845;132100;461987;52.13948;5.03845;131219;461334;52.14560;5.52647;Maarssen;8
WS-HDSR2019;G1904;Stichtse Vecht;WK190401;Maarssen;BU19040110;Centrum ten zuiden van de Vecht;0333100000017852;Basisschool Het Kompas;Duindam, J.I.M.;Water Natuurlijk;0;131125;461311;52.13948;5.03845;132100;461987;52.13948;5.03845;131219;461334;52.14560;5.52647;Maarssen;8
WS-HDSR2019;G1904;Stichtse Vecht;WK190401;Maarssen;BU19040110;Centrum ten zuiden van de Vecht;0333100000017852;Basisschool Het Kompas;Lintmeijer, F.C.W.C.;Water Natuurlijk;0;131125;461311;52.13948;5.03845;132100;461987;52.13948;5.03845;131219;461334;52.14560;5.52647;Maarssen;8
WS-HDSR2019;G1904;Stichtse Vecht;WK190401;Maarssen;BU19040110;Centrum ten zuiden van de Vecht;0333100000017852;Basisschool Het Kompas;Koster-Dreese, Y.;Water Natuurlijk;0;131125;461311;52.13948;5.03845;132100;461987;52.13948;5.03845;131219;461334;52.14560;5.52647;Maarssen;8
WS-HDSR2019;G1904;Stichtse Vecht;WK190401;Maarssen;BU19040110;Centrum ten zuiden van de Vecht;0333100000017852;Basisschool Het Kompas;Beugelink, G.P.;Water Natuurlijk;0;131125;461311;52.13948;5.03845;132100;461987;52.13948;5.03845;131219;461334;52.14560;5.52647;Maarssen;8
WS-HDSR2019;G1904;Stichtse Vecht;WK190401;Maarssen;BU19040110;Centrum ten zuiden van de Vecht;0333100000017852;Basisschool Het Kompas;van Essen, H.P.;Water Natuurlijk;0;131125;461311;52.13948;5.03845;132100;461987;52.13948;5.03845;131219;461334;52.14560;5.52647;Maarssen;8
WS-HDSR2019;G1904;Stichtse Vecht;WK190401;Maarssen;BU19040110;Centrum ten zuiden van de Vecht;0333100000017852;Basisschool Het Kompas;Snoeren, P.W.M.;Water Natuurlijk;0;131125;461311;52.13948;5.03845;132100;461987;52.13948;5.03845;131219;461334;52.14560;5.52647;Maarssen;8
WS-HDSR2019;G1904;Stichtse Vecht;WK190401;Maarssen;BU19040110;Centrum ten zuiden van de Vecht;0333100000017852;Basisschool Het Kompas;Groenendijk, S.;VVD;1;131125;461311;52.13948;5.03845;132100;461987;52.13948;5.03845;131219;461334;52.14560;5.52647;Maarssen;8
WS-HDSR2019;G1904;Stichtse Vecht;WK190401;Maarssen;BU19040110;Centrum ten zuiden van de Vecht;0333100000017852;Basisschool Het Kompas;van der Sterre, P.J.;VVD;0;131125;461311;52.13948;5.03845;132100;461987;52.13948;5.03845;131219;461334;52.14560;5.52647;Maarssen;8
WS-HDSR2019;G1904;Stichtse Vecht;WK190401;Maarssen;BU19040110;Centrum ten zuiden van de Vecht;0333100000017852;Basisschool Het Kompas;Eijsbroek, N.;VVD;2;131125;461311;52.13948;5.03845;132100;461987;52.13948;5.03845;131219;461334;52.14560;5.52647;Maarssen;8
WS-HDSR2019;G1904;Stichtse Vecht;WK190401;Maarssen;BU19040110;Centrum ten zuiden van de Vecht;0333100000017852;Basisschool Het Kompas;van Winden, A.J.;VVD;0;131125;461311;52.13948;5.03845;132100;461987;52.13948;5.03845;131219;461334;52.14560;5.52647;Maarssen;8
WS-HDSR2019;G1904;Stichtse Vecht;WK190401;Maarssen;BU19040110;Centrum ten zuiden van de Vecht;0333100000017852;Basisschool Het Kompas;van Baaren, J.;VVD;0;131125;461311;52.13948;5.03845;132100;461987;52.13948;5.03845;131219;461334;52.14560;5.52647;Maarssen;8
WS-HDSR2019;G1904;Stichtse Vecht;WK190401;Maarssen;BU19040110;Centrum ten zuiden van de Vecht;0333100000017852;Basisschool Het Kompas;Kapper, S.R.;VVD;0;131125;461311;52.13948;5.03845;132100;461987;52.13948;5.03845;131219;461334;52.14560;5.52647;Maarssen;8
WS-HDSR2019;G1904;Stichtse Vecht;WK190401;Maarssen;BU19040110;Centrum ten zuiden van de Vecht;0333100000017852;Basisschool Het Kompas;Michielsen, P.F.M.;VVD;0;131125;461311;52.13948;5.03845;132100;461987;52.13948;5.03845;131219;461334;52.14560;5.52647;Maarssen;8
WS-HDSR2019;G1904;Stichtse Vecht;WK190401;Maarssen;BU19040110;Centrum ten zuiden van de Vecht;0333100000017852;Basisschool Het Kompas;Trapman, E.G.J.H.;VVD;0;131125;461311;52.13948;5.03845;132100;461987;52.13948;5.03845;131219;461334;52.14560;5.52647;Maarssen;8
WS-HDSR2019;G1904;Stichtse Vecht;WK190401;Maarssen;BU19040110;Centrum ten zuiden van de Vecht;0333100000017852;Basisschool Het Kompas;de Jong, B.;CDA;1;131125;461311;52.13948;5.03845;132100;461987;52.13948;5.03845;131219;461334;52.14560;5.52647;Maarssen;8
WS-HDSR2019;G1904;Stichtse Vecht;WK190401;Maarssen;BU19040110;Centrum ten zuiden van de Vecht;0333100000017852;Basisschool Het Kompas;Sommer-de Vries, K.H.;CDA;0;131125;461311;52.13948;5.03845;132100;461987;52.13948;5.03845;131219;461334;52.14560;5.52647;Maarssen;8
WS-HDSR2019;G1904;Stichtse Vecht;WK190401;Maarssen;BU19040110;Centrum ten zuiden van de Vecht;0333100000017852;Basisschool Het Kompas;Droogers, J.A.G.W.;CDA;0;131125;461311;52.13948;5.03845;132100;461987;52.13948;5.03845;131219;461334;52.14560;5.52647;Maarssen;8
WS-HDSR2019;G1904;Stichtse Vecht;WK190401;Maarssen;BU19040110;Centrum ten zuiden van de Vecht;0333100000017852;Basisschool Het Kompas;Bakker, P.J.I.;CDA;0;131125;461311;52.13948;5.03845;132100;461987;52.13948;5.03845;131219;461334;52.14560;5.52647;Maarssen;8
WS-HDSR2019;G1904;Stichtse Vecht;WK190401;Maarssen;BU19040110;Centrum ten zuiden van de Vecht;0333100000017852;Basisschool Het Kompas;de Roos, T.L.;CDA;0;131125;461311;52.13948;5.03845;132100;461987;52.13948;5.03845;131219;461334;52.14560;5.52647;Maarssen;8
WS-HDSR2019;G1904;Stichtse Vecht;WK190401;Maarssen;BU19040110;Centrum ten zuiden van de Vecht;0333100000017852;Basisschool Het Kompas;Roorda, F.A.;CDA;0;131125;461311;52.13948;5.03845;132100;461987;52.13948;5.03845;131219;461334;52.14560;5.52647;Maarssen;8
WS-HDSR2019;G1904;Stichtse Vecht;WK190401;Maarssen;BU19040110;Centrum ten zuiden van de Vecht;0333100000017852;Basisschool Het Kompas;Adriani-Wempe, H.J.;CDA;0;131125;461311;52.13948;5.03845;132100;461987;52.13948;5.03845;131219;461334;52.14560;5.52647;Maarssen;8
WS-HDSR2019;G1904;Stichtse Vecht;WK190401;Maarssen;BU19040110;Centrum ten zuiden van de Vecht;0333100000017852;Basisschool Het Kompas;Verbij, A.L.G.;CDA;0;131125;461311;52.13948;5.03845;132100;461987;52.13948;5.03845;131219;461334;52.14560;5.52647;Maarssen;8
WS-HDSR2019;G1904;Stichtse Vecht;WK190401;Maarssen;BU19040110;Centrum ten zuiden van de Vecht;0333100000017852;Basisschool Het Kompas;van Arendonk, L.A.A.M.;CDA;0;131125;461311;52.13948;5.03845;132100;461987;52.13948;5.03845;131219;461334;52.14560;5.52647;Maarssen;8
WS-HDSR2019;G1904;Stichtse Vecht;WK190401;Maarssen;BU19040110;Centrum ten zuiden van de Vecht;0333100000017852;Basisschool Het Kompas;van Petersen, H.G.J.;CDA;0;131125;461311;52.13948;5.03845;132100;461987;52.13948;5.03845;131219;461334;52.14560;5.52647;Maarssen;8
WS-HDSR2019;G1904;Stichtse Vecht;WK190401;Maarssen;BU19040110;Centrum ten zuiden van de Vecht;0333100000017852;Basisschool Het Kompas;Vinkenburg, J.H.W.M.;CDA;0;131125;461311;52.13948;5.03845;132100;461987;52.13948;5.03845;131219;461334;52.14560;5.52647;Maarssen;8
WS-HDSR2019;G1904;Stichtse Vecht;WK190401;Maarssen;BU19040110;Centrum ten zuiden van de Vecht;0333100000017852;Basisschool Het Kompas;van der Spek, W.J.;CDA;0;131125;461311;52.13948;5.03845;132100;461987;52.13948;5.03845;131219;461334;52.14560;5.52647;Maarssen;8
WS-HDSR2019;G1904;Stichtse Vecht;WK190401;Maarssen;BU19040110;Centrum ten zuiden van de Vecht;0333100000017852;Basisschool Het Kompas;de Regt, A.M.;CDA;0;131125;461311;52.13948;5.03845;132100;461987;52.13948;5.03845;131219;461334;52.14560;5.52647;Maarssen;8
WS-HDSR2019;G1904;Stichtse Vecht;WK190401;Maarssen;BU19040110;Centrum ten zuiden van de Vecht;0333100000017852;Basisschool Het Kompas;Overbeek, K.B.J.;CDA;0;131125;461311;52.13948;5.03845;132100;461987;52.13948;5.03845;131219;461334;52.14560;5.52647;Maarssen;8
WS-HDSR2019;G1904;Stichtse Vecht;WK190401;Maarssen;BU19040110;Centrum ten zuiden van de Vecht;0333100000017852;Basisschool Het Kompas;Jonkers, C.A.;CDA;0;131125;461311;52.13948;5.03845;132100;461987;52.13948;5.03845;131219;461334;52.14560;5.52647;Maarssen;8
WS-HDSR2019;G1904;Stichtse Vecht;WK190401;Maarssen;BU19040110;Centrum ten zuiden van de Vecht;0333100000017852;Basisschool Het Kompas;Bunnik, R.P.;CDA;0;131125;461311;52.13948;5.03845;132100;461987;52.13948;5.03845;131219;461334;52.14560;5.52647;Maarssen;8
WS-HDSR2019;G1904;Stichtse Vecht;WK190401;Maarssen;BU19040110;Centrum ten zuiden van de Vecht;0333100000017852;Basisschool Het Kompas;van der Honing, H.;CDA;0;131125;461311;52.13948;5.03845;132100;461987;52.13948;5.03845;131219;461334;52.14560;5.52647;Maarssen;8
WS-HDSR2019;G1904;Stichtse Vecht;WK190401;Maarssen;BU19040110;Centrum ten zuiden van de Vecht;0333100000017852;Basisschool Het Kompas;Keestra, J.M.;CDA;0;131125;461311;52.13948;5.03845;132100;461987;52.13948;5.03845;131219;461334;52.14560;5.52647;Maarssen;8
WS-HDSR2019;G1904;Stichtse Vecht;WK190401;Maarssen;BU19040110;Centrum ten zuiden van de Vecht;0333100000017852;Basisschool Het Kompas;van Wijk, W.A.M.;CDA;0;131125;461311;52.13948;5.03845;132100;461987;52.13948;5.03845;131219;461334;52.14560;5.52647;Maarssen;8
WS-HDSR2019;G1904;Stichtse Vecht;WK190401;Maarssen;BU19040110;Centrum ten zuiden van de Vecht;0333100000017852;Basisschool Het Kompas;Vernie, L.N.;CDA;0;131125;461311;52.13948;5.03845;132100;461987;52.13948;5.03845;131219;461334;52.14560;5.52647;Maarssen;8
WS-HDSR2019;G1904;Stichtse Vecht;WK190401;Maarssen;BU19040110;Centrum ten zuiden van de Vecht;0333100000017852;Basisschool Het Kompas;Tiggeloven, A.B.M.;CDA;0;131125;461311;52.13948;5.03845;132100;461987;52.13948;5.03845;131219;461334;52.14560;5.52647;Maarssen;8
WS-HDSR2019;G1904;Stichtse Vecht;WK190401;Maarssen;BU19040110;Centrum ten zuiden van de Vecht;0333100000017852;Basisschool Het Kompas;Muijs, A.J.A.;CDA;0;131125;461311;52.13948;5.03845;132100;461987;52.13948;5.03845;131219;461334;52.14560;5.52647;Maarssen;8
WS-HDSR2019;G1904;Stichtse Vecht;WK190401;Maarssen;BU19040110;Centrum ten zuiden van de Vecht;0333100000017852;Basisschool Het Kompas;van Kippersluis, F.P.;CDA;0;131125;461311;52.13948;5.03845;132100;461987;52.13948;5.03845;131219;461334;52.14560;5.52647;Maarssen;8
WS-HDSR2019;G1904;Stichtse Vecht;WK190401;Maarssen;BU19040110;Centrum ten zuiden van de Vecht;0333100000017852;Basisschool Het Kompas;Migchels, G.;CDA;0;131125;461311;52.13948;5.03845;132100;461987;52.13948;5.03845;131219;461334;52.14560;5.52647;Maarssen;8
WS-HDSR2019;G1904;Stichtse Vecht;WK190401;Maarssen;BU19040110;Centrum ten zuiden van de Vecht;0333100000017852;Basisschool Het Kompas;Baars, J.G.;CDA;0;131125;461311;52.13948;5.03845;132100;461987;52.13948;5.03845;131219;461334;52.14560;5.52647;Maarssen;8
WS-HDSR2019;G1904;Stichtse Vecht;WK190401;Maarssen;BU19040110;Centrum ten zuiden van de Vecht;0333100000017852;Basisschool Het Kompas;Blom-Oosterhoff, R.C.;CDA;0;131125;461311;52.13948;5.03845;132100;461987;52.13948;5.03845;131219;461334;52.14560;5.52647;Maarssen;8
WS-HDSR2019;G1904;Stichtse Vecht;WK190401;Maarssen;BU19040110;Centrum ten zuiden van de Vecht;0333100000017852;Basisschool Het Kompas;Jansen op de Haar, C.G.;Partij van de Arbeid (P.v.d.A.);0;131125;461311;52.13948;5.03845;132100;461987;52.13948;5.03845;131219;461334;52.14560;5.52647;Maarssen;8
WS-HDSR2019;G1904;Stichtse Vecht;WK190401;Maarssen;BU19040110;Centrum ten zuiden van de Vecht;0333100000017852;Basisschool Het Kompas;van Zoelen, N.M.;Partij van de Arbeid (P.v.d.A.);0;131125;461311;52.13948;5.03845;132100;461987;52.13948;5.03845;131219;461334;52.14560;5.52647;Maarssen;8
WS-HDSR2019;G1904;Stichtse Vecht;WK190401;Maarssen;BU19040110;Centrum ten zuiden van de Vecht;0333100000017852;Basisschool Het Kompas;van Bork, F.J.;Partij van de Arbeid (P.v.d.A.);0;131125;461311;52.13948;5.03845;132100;461987;52.13948;5.03845;131219;461334;52.14560;5.52647;Maarssen;8
WS-HDSR2019;G1904;Stichtse Vecht;WK190401;Maarssen;BU19040110;Centrum ten zuiden van de Vecht;0333100000017852;Basisschool Het Kompas;Heesen, W.A.;Partij van de Arbeid (P.v.d.A.);1;131125;461311;52.13948;5.03845;132100;461987;52.13948;5.03845;131219;461334;52.14560;5.52647;Maarssen;8
WS-HDSR2019;G1904;Stichtse Vecht;WK190401;Maarssen;BU19040110;Centrum ten zuiden van de Vecht;0333100000017852;Basisschool Het Kompas;Reerink, J.G.M.;Partij van de Arbeid (P.v.d.A.);0;131125;461311;52.13948;5.03845;132100;461987;52.13948;5.03845;131219;461334;52.14560;5.52647;Maarssen;8
WS-HDSR2019;G1904;Stichtse Vecht;WK190401;Maarssen;BU19040110;Centrum ten zuiden van de Vecht;0333100000017852;Basisschool Het Kompas;Mulder, G.G.J.;Partij van de Arbeid (P.v.d.A.);0;131125;461311;52.13948;5.03845;132100;461987;52.13948;5.03845;131219;461334;52.14560;5.52647;Maarssen;8
WS-HDSR2019;G1904;Stichtse Vecht;WK190401;Maarssen;BU19040110;Centrum ten zuiden van de Vecht;0333100000017852;Basisschool Het Kompas;Steen, J.H.;Partij van de Arbeid (P.v.d.A.);0;131125;461311;52.13948;5.03845;132100;461987;52.13948;5.03845;131219;461334;52.14560;5.52647;Maarssen;8
WS-HDSR2019;G1904;Stichtse Vecht;WK190401;Maarssen;BU19040110;Centrum ten zuiden van de Vecht;0333100000017852;Basisschool Het Kompas;Jeddaoui, S.;Partij van de Arbeid (P.v.d.A.);0;131125;461311;52.13948;5.03845;132100;461987;52.13948;5.03845;131219;461334;52.14560;5.52647;Maarssen;8
WS-HDSR2019;G1904;Stichtse Vecht;WK190401;Maarssen;BU19040110;Centrum ten zuiden van de Vecht;0333100000017852;Basisschool Het Kompas;Meijerink, M.S.J.;Partij van de Arbeid (P.v.d.A.);0;131125;461311;52.13948;5.03845;132100;461987;52.13948;5.03845;131219;461334;52.14560;5.52647;Maarssen;8
WS-HDSR2019;G1904;Stichtse Vecht;WK190401;Maarssen;BU19040110;Centrum ten zuiden van de Vecht;0333100000017852;Basisschool Het Kompas;Dubbink, J.;Partij van de Arbeid (P.v.d.A.);0;131125;461311;52.13948;5.03845;132100;461987;52.13948;5.03845;131219;461334;52.14560;5.52647;Maarssen;8
WS-HDSR2019;G1904;Stichtse Vecht;WK190401;Maarssen;BU19040110;Centrum ten zuiden van de Vecht;0333100000017852;Basisschool Het Kompas;Kaas, D.;Partij van de Arbeid (P.v.d.A.);0;131125;461311;52.13948;5.03845;132100;461987;52.13948;5.03845;131219;461334;52.14560;5.52647;Maarssen;8
WS-HDSR2019;G1904;Stichtse Vecht;WK190401;Maarssen;BU19040110;Centrum ten zuiden van de Vecht;0333100000017852;Basisschool Het Kompas;van Dijk, M.J.;Partij van de Arbeid (P.v.d.A.);0;131125;461311;52.13948;5.03845;132100;461987;52.13948;5.03845;131219;461334;52.14560;5.52647;Maarssen;8
WS-HDSR2019;G1904;Stichtse Vecht;WK190401;Maarssen;BU19040110;Centrum ten zuiden van de Vecht;0333100000017852;Basisschool Het Kompas;Boer, A.;Partij van de Arbeid (P.v.d.A.);0;131125;461311;52.13948;5.03845;132100;461987;52.13948;5.03845;131219;461334;52.14560;5.52647;Maarssen;8
WS-HDSR2019;G1904;Stichtse Vecht;WK190401;Maarssen;BU19040110;Centrum ten zuiden van de Vecht;0333100000017852;Basisschool Het Kompas;Dibi, B.;Partij van de Arbeid (P.v.d.A.);0;131125;461311;52.13948;5.03845;132100;461987;52.13948;5.03845;131219;461334;52.14560;5.52647;Maarssen;8
WS-HDSR2019;G1904;Stichtse Vecht;WK190401;Maarssen;BU19040110;Centrum ten zuiden van de Vecht;0333100000017852;Basisschool Het Kompas;van Hoof-Ward, M.;Partij van de Arbeid (P.v.d.A.);0;131125;461311;52.13948;5.03845;132100;461987;52.13948;5.03845;131219;461334;52.14560;5.52647;Maarssen;8
WS-HDSR2019;G1904;Stichtse Vecht;WK190401;Maarssen;BU19040110;Centrum ten zuiden van de Vecht;0333100000017852;Basisschool Het Kompas;van Alfen, I.H.;Partij van de Arbeid (P.v.d.A.);0;131125;461311;52.13948;5.03845;132100;461987;52.13948;5.03845;131219;461334;52.14560;5.52647;Maarssen;8
WS-HDSR2019;G1904;Stichtse Vecht;WK190401;Maarssen;BU19040110;Centrum ten zuiden van de Vecht;0333100000017852;Basisschool Het Kompas;Vellekoop, L.E.C.;Partij van de Arbeid (P.v.d.A.);0;131125;461311;52.13948;5.03845;132100;461987;52.13948;5.03845;131219;461334;52.14560;5.52647;Maarssen;8
WS-HDSR2019;G1904;Stichtse Vecht;WK190401;Maarssen;BU19040110;Centrum ten zuiden van de Vecht;0333100000017852;Basisschool Het Kompas;Travaille, A.;Partij voor de Dieren;2;131125;461311;52.13948;5.03845;132100;461987;52.13948;5.03845;131219;461334;52.14560;5.52647;Maarssen;8
WS-HDSR2019;G1904;Stichtse Vecht;WK190401;Maarssen;BU19040110;Centrum ten zuiden van de Vecht;0333100000017852;Basisschool Het Kompas;van der Steeg, W.;Partij voor de Dieren;0;131125;461311;52.13948;5.03845;132100;461987;52.13948;5.03845;131219;461334;52.14560;5.52647;Maarssen;8
WS-HDSR2019;G1904;Stichtse Vecht;WK190401;Maarssen;BU19040110;Centrum ten zuiden van de Vecht;0333100000017852;Basisschool Het Kompas;van der Kruk, R.;Partij voor de Dieren;0;131125;461311;52.13948;5.03845;132100;461987;52.13948;5.03845;131219;461334;52.14560;5.52647;Maarssen;8
WS-HDSR2019;G1904;Stichtse Vecht;WK190401;Maarssen;BU19040110;Centrum ten zuiden van de Vecht;0333100000017852;Basisschool Het Kompas;Dam, F.;Partij voor de Dieren;0;131125;461311;52.13948;5.03845;132100;461987;52.13948;5.03845;131219;461334;52.14560;5.52647;Maarssen;8
WS-HDSR2019;G1904;Stichtse Vecht;WK190401;Maarssen;BU19040110;Centrum ten zuiden van de Vecht;0333100000017852;Basisschool Het Kompas;Hendriks, M.A.;Partij voor de Dieren;0;131125;461311;52.13948;5.03845;132100;461987;52.13948;5.03845;131219;461334;52.14560;5.52647;Maarssen;8
WS-HDSR2019;G1904;Stichtse Vecht;WK190401;Maarssen;BU19040110;Centrum ten zuiden van de Vecht;0333100000017852;Basisschool Het Kompas;Korteweg, E.I.;Partij voor de Dieren;0;131125;461311;52.13948;5.03845;132100;461987;52.13948;5.03845;131219;461334;52.14560;5.52647;Maarssen;8
WS-HDSR2019;G1904;Stichtse Vecht;WK190401;Maarssen;BU19040110;Centrum ten zuiden van de Vecht;0333100000017852;Basisschool Het Kompas;Verkleij-Torenbeek, C.;Partij voor de Dieren;0;131125;461311;52.13948;5.03845;132100;461987;52.13948;5.03845;131219;461334;52.14560;5.52647;Maarssen;8
WS-HDSR2019;G1904;Stichtse Vecht;WK190401;Maarssen;BU19040110;Centrum ten zuiden van de Vecht;0333100000017852;Basisschool Het Kompas;Oskam, S.W.;Partij voor de Dieren;0;131125;461311;52.13948;5.03845;132100;461987;52.13948;5.03845;131219;461334;52.14560;5.52647;Maarssen;8
WS-HDSR2019;G1904;Stichtse Vecht;WK190401;Maarssen;BU19040110;Centrum ten zuiden van de Vecht;0333100000017852;Basisschool Het Kompas;Bodewitz, W.A.;Partij voor de Dieren;0;131125;461311;52.13948;5.03845;132100;461987;52.13948;5.03845;131219;461334;52.14560;5.52647;Maarssen;8
WS-HDSR2019;G1904;Stichtse Vecht;WK190401;Maarssen;BU19040110;Centrum ten zuiden van de Vecht;0333100000017852;Basisschool Het Kompas;Verkaik, E.;Waterschap@inwonersbelangen;0;131125;461311;52.13948;5.03845;132100;461987;52.13948;5.03845;131219;461334;52.14560;5.52647;Maarssen;8
WS-HDSR2019;G1904;Stichtse Vecht;WK190401;Maarssen;BU19040110;Centrum ten zuiden van de Vecht;0333100000017852;Basisschool Het Kompas;Ketting, H.B.G.;Waterschap@inwonersbelangen;0;131125;461311;52.13948;5.03845;132100;461987;52.13948;5.03845;131219;461334;52.14560;5.52647;Maarssen;8
WS-HDSR2019;G1904;Stichtse Vecht;WK190401;Maarssen;BU19040110;Centrum ten zuiden van de Vecht;0333100000017852;Basisschool Het Kompas;Haaxma, A.;Waterschap@inwonersbelangen;1;131125;461311;52.13948;5.03845;132100;461987;52.13948;5.03845;131219;461334;52.14560;5.52647;Maarssen;8
WS-HDSR2019;G1904;Stichtse Vecht;WK190401;Maarssen;BU19040110;Centrum ten zuiden van de Vecht;0333100000017852;Basisschool Het Kompas;Zandbergen, G.;Waterschap@inwonersbelangen;0;131125;461311;52.13948;5.03845;132100;461987;52.13948;5.03845;131219;461334;52.14560;5.52647;Maarssen;8
WS-HDSR2019;G1904;Stichtse Vecht;WK190401;Maarssen;BU19040110;Centrum ten zuiden van de Vecht;0333100000017852;Basisschool Het Kompas;van Leeuwen-van der Horst, L.P.T.;Waterschap@inwonersbelangen;0;131125;461311;52.13948;5.03845;132100;461987;52.13948;5.03845;131219;461334;52.14560;5.52647;Maarssen;8
WS-HDSR2019;G1904;Stichtse Vecht;WK190401;Maarssen;BU19040110;Centrum ten zuiden van de Vecht;0333100000017852;Basisschool Het Kompas;van der Does, J.C.;Waterschap@inwonersbelangen;0;131125;461311;52.13948;5.03845;132100;461987;52.13948;5.03845;131219;461334;52.14560;5.52647;Maarssen;8
WS-HDSR2019;G1904;Stichtse Vecht;WK190401;Maarssen;BU19040110;Centrum ten zuiden van de Vecht;0333100000017852;Basisschool Het Kompas;van Niel, D.A.;Waterschap@inwonersbelangen;0;131125;461311;52.13948;5.03845;132100;461987;52.13948;5.03845;131219;461334;52.14560;5.52647;Maarssen;8
WS-HDSR2019;G1904;Stichtse Vecht;WK190401;Maarssen;BU19040110;Centrum ten zuiden van de Vecht;0333100000017852;Basisschool Het Kompas;Borst-Kruithof, K.;Waterschap@inwonersbelangen;0;131125;461311;52.13948;5.03845;132100;461987;52.13948;5.03845;131219;461334;52.14560;5.52647;Maarssen;8
WS-HDSR2019;G1904;Stichtse Vecht;WK190401;Maarssen;BU19040110;Centrum ten zuiden van de Vecht;0333100000017852;Basisschool Het Kompas;Voorendt, T.C.M.;Waterschap@inwonersbelangen;0;131125;461311;52.13948;5.03845;132100;461987;52.13948;5.03845;131219;461334;52.14560;5.52647;Maarssen;8
WS-HDSR2019;G1904;Stichtse Vecht;WK190401;Maarssen;BU19040110;Centrum ten zuiden van de Vecht;0333100000017852;Basisschool Het Kompas;de With, F.;Waterschap@inwonersbelangen;0;131125;461311;52.13948;5.03845;132100;461987;52.13948;5.03845;131219;461334;52.14560;5.52647;Maarssen;8
WS-HDSR2019;G1904;Stichtse Vecht;WK190401;Maarssen;BU19040110;Centrum ten zuiden van de Vecht;0333100000017852;Basisschool Het Kompas;Boer, W.J.;Waterschap@inwonersbelangen;0;131125;461311;52.13948;5.03845;132100;461987;52.13948;5.03845;131219;461334;52.14560;5.52647;Maarssen;8
WS-HDSR2019;G1904;Stichtse Vecht;WK190401;Maarssen;BU19040110;Centrum ten zuiden van de Vecht;0333100000017852;Basisschool Het Kompas;Verkaik, L.J.C.;Waterschap@inwonersbelangen;0;131125;461311;52.13948;5.03845;132100;461987;52.13948;5.03845;131219;461334;52.14560;5.52647;Maarssen;8
WS-HDSR2019;G1904;Stichtse Vecht;WK190401;Maarssen;BU19040110;Centrum ten zuiden van de Vecht;0333100000017852;Basisschool Het Kompas;Streekstra, S.;Waterschap@inwonersbelangen;0;131125;461311;52.13948;5.03845;132100;461987;52.13948;5.03845;131219;461334;52.14560;5.52647;Maarssen;8
WS-HDSR2019;G1904;Stichtse Vecht;WK190401;Maarssen;BU19040110;Centrum ten zuiden van de Vecht;0333100000017852;Basisschool Het Kompas;van Kranenburg, C.J.;ChristenUnie;2;131125;461311;52.13948;5.03845;132100;461987;52.13948;5.03845;131219;461334;52.14560;5.52647;Maarssen;8
WS-HDSR2019;G1904;Stichtse Vecht;WK190401;Maarssen;BU19040110;Centrum ten zuiden van de Vecht;0333100000017852;Basisschool Het Kompas;van de Belt, D.;ChristenUnie;0;131125;461311;52.13948;5.03845;132100;461987;52.13948;5.03845;131219;461334;52.14560;5.52647;Maarssen;8
WS-HDSR2019;G1904;Stichtse Vecht;WK190401;Maarssen;BU19040110;Centrum ten zuiden van de Vecht;0333100000017852;Basisschool Het Kompas;Pleijsier, C.S.;ChristenUnie;0;131125;461311;52.13948;5.03845;132100;461987;52.13948;5.03845;131219;461334;52.14560;5.52647;Maarssen;8
WS-HDSR2019;G1904;Stichtse Vecht;WK190401;Maarssen;BU19040110;Centrum ten zuiden van de Vecht;0333100000017852;Basisschool Het Kompas;Zeef, P.H.H.;ChristenUnie;0;131125;461311;52.13948;5.03845;132100;461987;52.13948;5.03845;131219;461334;52.14560;5.52647;Maarssen;8
WS-HDSR2019;G1904;Stichtse Vecht;WK190401;Maarssen;BU19040110;Centrum ten zuiden van de Vecht;0333100000017852;Basisschool Het Kompas;Voortman, D.G.J.;ChristenUnie;0;131125;461311;52.13948;5.03845;132100;461987;52.13948;5.03845;131219;461334;52.14560;5.52647;Maarssen;8
WS-HDSR2019;G1904;Stichtse Vecht;WK190401;Maarssen;BU19040110;Centrum ten zuiden van de Vecht;0333100000017852;Basisschool Het Kompas;Snoek, H.C.;ChristenUnie;0;131125;461311;52.13948;5.03845;132100;461987;52.13948;5.03845;131219;461334;52.14560;5.52647;Maarssen;8
WS-HDSR2019;G1904;Stichtse Vecht;WK190401;Maarssen;BU19040110;Centrum ten zuiden van de Vecht;0333100000017852;Basisschool Het Kompas;van der Grift, C.M.;ChristenUnie;0;131125;461311;52.13948;5.03845;132100;461987;52.13948;5.03845;131219;461334;52.14560;5.52647;Maarssen;8
WS-HDSR2019;G1904;Stichtse Vecht;WK190401;Maarssen;BU19040110;Centrum ten zuiden van de Vecht;0333100000017852;Basisschool Het Kompas;Reinders, M.J.;ChristenUnie;0;131125;461311;52.13948;5.03845;132100;461987;52.13948;5.03845;131219;461334;52.14560;5.52647;Maarssen;8
WS-HDSR2019;G1904;Stichtse Vecht;WK190401;Maarssen;BU19040110;Centrum ten zuiden van de Vecht;0333100000017852;Basisschool Het Kompas;Benders-Molenaar, M.;ChristenUnie;0;131125;461311;52.13948;5.03845;132100;461987;52.13948;5.03845;131219;461334;52.14560;5.52647;Maarssen;8
WS-HDSR2019;G1904;Stichtse Vecht;WK190401;Maarssen;BU19040110;Centrum ten zuiden van de Vecht;0333100000017852;Basisschool Het Kompas;van Wijnen, D.A.;ChristenUnie;0;131125;461311;52.13948;5.03845;132100;461987;52.13948;5.03845;131219;461334;52.14560;5.52647;Maarssen;8
WS-HDSR2019;G1904;Stichtse Vecht;WK190401;Maarssen;BU19040110;Centrum ten zuiden van de Vecht;0333100000017852;Basisschool Het Kompas;Voorberg, C.Z.;ChristenUnie;0;131125;461311;52.13948;5.03845;132100;461987;52.13948;5.03845;131219;461334;52.14560;5.52647;Maarssen;8
WS-HDSR2019;G1904;Stichtse Vecht;WK190401;Maarssen;BU19040110;Centrum ten zuiden van de Vecht;0333100000017852;Basisschool Het Kompas;Roetman, I.C.;ChristenUnie;0;131125;461311;52.13948;5.03845;132100;461987;52.13948;5.03845;131219;461334;52.14560;5.52647;Maarssen;8
WS-HDSR2019;G1904;Stichtse Vecht;WK190401;Maarssen;BU19040110;Centrum ten zuiden van de Vecht;0333100000017852;Basisschool Het Kompas;Wentink, A.G.;ChristenUnie;0;131125;461311;52.13948;5.03845;132100;461987;52.13948;5.03845;131219;461334;52.14560;5.52647;Maarssen;8
WS-HDSR2019;G1904;Stichtse Vecht;WK190401;Maarssen;BU19040110;Centrum ten zuiden van de Vecht;0333100000017852;Basisschool Het Kompas;Pape-van Genderen, C.A.;ChristenUnie;0;131125;461311;52.13948;5.03845;132100;461987;52.13948;5.03845;131219;461334;52.14560;5.52647;Maarssen;8
WS-HDSR2019;G1904;Stichtse Vecht;WK190401;Maarssen;BU19040110;Centrum ten zuiden van de Vecht;0333100000017852;Basisschool Het Kompas;Taute, G.;ChristenUnie;0;131125;461311;52.13948;5.03845;132100;461987;52.13948;5.03845;131219;461334;52.14560;5.52647;Maarssen;8
WS-HDSR2019;G1904;Stichtse Vecht;WK190401;Maarssen;BU19040110;Centrum ten zuiden van de Vecht;0333100000017852;Basisschool Het Kompas;Meijer, J.H.;ChristenUnie;0;131125;461311;52.13948;5.03845;132100;461987;52.13948;5.03845;131219;461334;52.14560;5.52647;Maarssen;8
WS-HDSR2019;G1904;Stichtse Vecht;WK190401;Maarssen;BU19040110;Centrum ten zuiden van de Vecht;0333100000017852;Basisschool Het Kompas;van Dalen-van Hierden, B.;ChristenUnie;0;131125;461311;52.13948;5.03845;132100;461987;52.13948;5.03845;131219;461334;52.14560;5.52647;Maarssen;8
WS-HDSR2019;G1904;Stichtse Vecht;WK190401;Maarssen;BU19040110;Centrum ten zuiden van de Vecht;0333100000017852;Basisschool Het Kompas;van der Ven, A.;ChristenUnie;0;131125;461311;52.13948;5.03845;132100;461987;52.13948;5.03845;131219;461334;52.14560;5.52647;Maarssen;8
WS-HDSR2019;G1904;Stichtse Vecht;WK190401;Maarssen;BU19040110;Centrum ten zuiden van de Vecht;0333100000017852;Basisschool Het Kompas;van Utrecht, D.;ChristenUnie;0;131125;461311;52.13948;5.03845;132100;461987;52.13948;5.03845;131219;461334;52.14560;5.52647;Maarssen;8
WS-HDSR2019;G1904;Stichtse Vecht;WK190401;Maarssen;BU19040110;Centrum ten zuiden van de Vecht;0333100000017852;Basisschool Het Kompas;Lont, B.C.;ChristenUnie;0;131125;461311;52.13948;5.03845;132100;461987;52.13948;5.03845;131219;461334;52.14560;5.52647;Maarssen;8
WS-HDSR2019;G1904;Stichtse Vecht;WK190401;Maarssen;BU19040110;Centrum ten zuiden van de Vecht;0333100000017852;Basisschool Het Kompas;Bos, P.W.;ChristenUnie;0;131125;461311;52.13948;5.03845;132100;461987;52.13948;5.03845;131219;461334;52.14560;5.52647;Maarssen;8
WS-HDSR2019;G1904;Stichtse Vecht;WK190401;Maarssen;BU19040110;Centrum ten zuiden van de Vecht;0333100000017852;Basisschool Het Kompas;Kool, A.;ChristenUnie;0;131125;461311;52.13948;5.03845;132100;461987;52.13948;5.03845;131219;461334;52.14560;5.52647;Maarssen;8
WS-HDSR2019;G1904;Stichtse Vecht;WK190401;Maarssen;BU19040110;Centrum ten zuiden van de Vecht;0333100000017852;Basisschool Het Kompas;Schaddelee, A.J.;ChristenUnie;0;131125;461311;52.13948;5.03845;132100;461987;52.13948;5.03845;131219;461334;52.14560;5.52647;Maarssen;8
WS-HDSR2019;G1904;Stichtse Vecht;WK190401;Maarssen;BU19040110;Centrum ten zuiden van de Vecht;0333100000017852;Basisschool Het Kompas;Dieperink, C.;AWP niet politiek, wel deskundig;0;131125;461311;52.13948;5.03845;132100;461987;52.13948;5.03845;131219;461334;52.14560;5.52647;Maarssen;8
WS-HDSR2019;G1904;Stichtse Vecht;WK190401;Maarssen;BU19040110;Centrum ten zuiden van de Vecht;0333100000017852;Basisschool Het Kompas;Verweij, J.P.;AWP niet politiek, wel deskundig;0;131125;461311;52.13948;5.03845;132100;461987;52.13948;5.03845;131219;461334;52.14560;5.52647;Maarssen;8
WS-HDSR2019;G1904;Stichtse Vecht;WK190401;Maarssen;BU19040110;Centrum ten zuiden van de Vecht;0333100000017852;Basisschool Het Kompas;Moinier, S.;AWP niet politiek, wel deskundig;0;131125;461311;52.13948;5.03845;132100;461987;52.13948;5.03845;131219;461334;52.14560;5.52647;Maarssen;8
WS-HDSR2019;G1904;Stichtse Vecht;WK190401;Maarssen;BU19040110;Centrum ten zuiden van de Vecht;0333100000017852;Basisschool Het Kompas;Heidema, A.;AWP niet politiek, wel deskundig;0;131125;461311;52.13948;5.03845;132100;461987;52.13948;5.03845;131219;461334;52.14560;5.52647;Maarssen;8
WS-HDSR2019;G1904;Stichtse Vecht;WK190401;Maarssen;BU19040110;Centrum ten zuiden van de Vecht;0333100000017852;Basisschool Het Kompas;Keessen, A.M.;AWP niet politiek, wel deskundig;0;131125;461311;52.13948;5.03845;132100;461987;52.13948;5.03845;131219;461334;52.14560;5.52647;Maarssen;8
WS-HDSR2019;G1904;Stichtse Vecht;WK190401;Maarssen;BU19040110;Centrum ten zuiden van de Vecht;0333100000017852;Basisschool Het Kompas;Moor, J.A.P.M.;AWP niet politiek, wel deskundig;0;131125;461311;52.13948;5.03845;132100;461987;52.13948;5.03845;131219;461334;52.14560;5.52647;Maarssen;8
WS-HDSR2019;G1904;Stichtse Vecht;WK190401;Maarssen;BU19040110;Centrum ten zuiden van de Vecht;0333100000017852;Basisschool Het Kompas;de Leeuw-Bosch, E.;AWP niet politiek, wel deskundig;0;131125;461311;52.13948;5.03845;132100;461987;52.13948;5.03845;131219;461334;52.14560;5.52647;Maarssen;8
WS-HDSR2019;G1904;Stichtse Vecht;WK190401;Maarssen;BU19040110;Centrum ten zuiden van de Vecht;0333100000017852;Basisschool Het Kompas;Koop, S.H.A.;AWP niet politiek, wel deskundig;0;131125;461311;52.13948;5.03845;132100;461987;52.13948;5.03845;131219;461334;52.14560;5.52647;Maarssen;8
WS-HDSR2019;G1904;Stichtse Vecht;WK190401;Maarssen;BU19040110;Centrum ten zuiden van de Vecht;0333100000017852;Basisschool Het Kompas;Hiemstra, A.;AWP niet politiek, wel deskundig;0;131125;461311;52.13948;5.03845;132100;461987;52.13948;5.03845;131219;461334;52.14560;5.52647;Maarssen;8
WS-HDSR2019;G1904;Stichtse Vecht;WK190401;Maarssen;BU19040110;Centrum ten zuiden van de Vecht;0333100000017852;Basisschool Het Kompas;van der Veen, B.J.;AWP niet politiek, wel deskundig;0;131125;461311;52.13948;5.03845;132100;461987;52.13948;5.03845;131219;461334;52.14560;5.52647;Maarssen;8
WS-HDSR2019;G1904;Stichtse Vecht;WK190401;Maarssen;BU19040110;Centrum ten zuiden van de Vecht;0333100000017852;Basisschool Het Kompas;Gilissen, H.K.;AWP niet politiek, wel deskundig;0;131125;461311;52.13948;5.03845;132100;461987;52.13948;5.03845;131219;461334;52.14560;5.52647;Maarssen;8
WS-HDSR2019;G1904;Stichtse Vecht;WK190401;Maarssen;BU19040110;Centrum ten zuiden van de Vecht;0333100000017852;Basisschool Het Kompas;van Leeuwen, C.J.;AWP niet politiek, wel deskundig;0;131125;461311;52.13948;5.03845;132100;461987;52.13948;5.03845;131219;461334;52.14560;5.52647;Maarssen;8
WS-HDSR2019;G1904;Stichtse Vecht;WK190401;Maarssen;BU19040110;Centrum ten zuiden van de Vecht;0333100000017852;Basisschool Het Kompas;Jansen, A. E.;AWP niet politiek, wel deskundig;0;131125;461311;52.13948;5.03845;132100;461987;52.13948;5.03845;131219;461334;52.14560;5.52647;Maarssen;8
WS-HDSR2019;G1904;Stichtse Vecht;WK190401;Maarssen;BU19040110;Centrum ten zuiden van de Vecht;0333100000017852;Basisschool Het Kompas;van Os, F.;Staatkundig Gereformeerde Partij (SGP);0;131125;461311;52.13948;5.03845;132100;461987;52.13948;5.03845;131219;461334;52.14560;5.52647;Maarssen;8
WS-HDSR2019;G1904;Stichtse Vecht;WK190401;Maarssen;BU19040110;Centrum ten zuiden van de Vecht;0333100000017852;Basisschool Het Kompas;van Zetten, J.N.;Staatkundig Gereformeerde Partij (SGP);0;131125;461311;52.13948;5.03845;132100;461987;52.13948;5.03845;131219;461334;52.14560;5.52647;Maarssen;8
WS-HDSR2019;G1904;Stichtse Vecht;WK190401;Maarssen;BU19040110;Centrum ten zuiden van de Vecht;0333100000017852;Basisschool Het Kompas;van der Wind, J.J.;Staatkundig Gereformeerde Partij (SGP);0;131125;461311;52.13948;5.03845;132100;461987;52.13948;5.03845;131219;461334;52.14560;5.52647;Maarssen;8
WS-HDSR2019;G1904;Stichtse Vecht;WK190401;Maarssen;BU19040110;Centrum ten zuiden van de Vecht;0333100000017852;Basisschool Het Kompas;Verweij, K.C.;Staatkundig Gereformeerde Partij (SGP);0;131125;461311;52.13948;5.03845;132100;461987;52.13948;5.03845;131219;461334;52.14560;5.52647;Maarssen;8
WS-HDSR2019;G1904;Stichtse Vecht;WK190401;Maarssen;BU19040110;Centrum ten zuiden van de Vecht;0333100000017852;Basisschool Het Kompas;van Leeuwen, G.;Staatkundig Gereformeerde Partij (SGP);0;131125;461311;52.13948;5.03845;132100;461987;52.13948;5.03845;131219;461334;52.14560;5.52647;Maarssen;8
WS-HDSR2019;G1904;Stichtse Vecht;WK190401;Maarssen;BU19040110;Centrum ten zuiden van de Vecht;0333100000017852;Basisschool Het Kompas;de Groot, L.;Staatkundig Gereformeerde Partij (SGP);0;131125;461311;52.13948;5.03845;132100;461987;52.13948;5.03845;131219;461334;52.14560;5.52647;Maarssen;8
WS-HDSR2019;G1904;Stichtse Vecht;WK190401;Maarssen;BU19040110;Centrum ten zuiden van de Vecht;0333100000017852;Basisschool Het Kompas;Boonzaaijer, G.;Staatkundig Gereformeerde Partij (SGP);0;131125;461311;52.13948;5.03845;132100;461987;52.13948;5.03845;131219;461334;52.14560;5.52647;Maarssen;8
WS-HDSR2019;G1904;Stichtse Vecht;WK190401;Maarssen;BU19040110;Centrum ten zuiden van de Vecht;0333100000017852;Basisschool Het Kompas;Broere, J.;Staatkundig Gereformeerde Partij (SGP);0;131125;461311;52.13948;5.03845;132100;461987;52.13948;5.03845;131219;461334;52.14560;5.52647;Maarssen;8
WS-HDSR2019;G1904;Stichtse Vecht;WK190401;Maarssen;BU19040110;Centrum ten zuiden van de Vecht;0333100000017852;Basisschool Het Kompas;Marchal, J.;Staatkundig Gereformeerde Partij (SGP);0;131125;461311;52.13948;5.03845;132100;461987;52.13948;5.03845;131219;461334;52.14560;5.52647;Maarssen;8
WS-HDSR2019;G1904;Stichtse Vecht;WK190401;Maarssen;BU19040110;Centrum ten zuiden van de Vecht;0333100000017852;Basisschool Het Kompas;van Woudenberg, J.;Staatkundig Gereformeerde Partij (SGP);0;131125;461311;52.13948;5.03845;132100;461987;52.13948;5.03845;131219;461334;52.14560;5.52647;Maarssen;8
WS-HDSR2019;G1904;Stichtse Vecht;WK190401;Maarssen;BU19040110;Centrum ten zuiden van de Vecht;0333100000017852;Basisschool Het Kompas;Verduijn, A.;Staatkundig Gereformeerde Partij (SGP);0;131125;461311;52.13948;5.03845;132100;461987;52.13948;5.03845;131219;461334;52.14560;5.52647;Maarssen;8
WS-HDSR2019;G1904;Stichtse Vecht;WK190401;Maarssen;BU19040110;Centrum ten zuiden van de Vecht;0333100000017852;Basisschool Het Kompas;Rijneveld, C.;Staatkundig Gereformeerde Partij (SGP);0;131125;461311;52.13948;5.03845;132100;461987;52.13948;5.03845;131219;461334;52.14560;5.52647;Maarssen;8
WS-HDSR2019;G1904;Stichtse Vecht;WK190401;Maarssen;BU19040110;Centrum ten zuiden van de Vecht;0333100000017852;Basisschool Het Kompas;Doornenbal, G.;Staatkundig Gereformeerde Partij (SGP);0;131125;461311;52.13948;5.03845;132100;461987;52.13948;5.03845;131219;461334;52.14560;5.52647;Maarssen;8
WS-HDSR2019;G1904;Stichtse Vecht;WK190401;Maarssen;BU19040110;Centrum ten zuiden van de Vecht;0333100000017852;Basisschool Het Kompas;van Vulpen, C.;Staatkundig Gereformeerde Partij (SGP);0;131125;461311;52.13948;5.03845;132100;461987;52.13948;5.03845;131219;461334;52.14560;5.52647;Maarssen;8
WS-HDSR2019;G1904;Stichtse Vecht;WK190401;Maarssen;BU19040110;Centrum ten zuiden van de Vecht;0333100000017852;Basisschool Het Kompas;Benschop, J.W.;Staatkundig Gereformeerde Partij (SGP);0;131125;461311;52.13948;5.03845;132100;461987;52.13948;5.03845;131219;461334;52.14560;5.52647;Maarssen;8
WS-HDSR2019;G1904;Stichtse Vecht;WK190401;Maarssen;BU19040110;Centrum ten zuiden van de Vecht;0333100000017852;Basisschool Het Kompas;van den Hoek, R.P.J.J.;50PLUS;0;131125;461311;52.13948;5.03845;132100;461987;52.13948;5.03845;131219;461334;52.14560;5.52647;Maarssen;8
WS-HDSR2019;G1904;Stichtse Vecht;WK190401;Maarssen;BU19040110;Centrum ten zuiden van de Vecht;0333100000017852;Basisschool Het Kompas;Schalkwijk, G.M.;50PLUS;0;131125;461311;52.13948;5.03845;132100;461987;52.13948;5.03845;131219;461334;52.14560;5.52647;Maarssen;8
WS-HDSR2019;G1904;Stichtse Vecht;WK190401;Maarssen;BU19040110;Centrum ten zuiden van de Vecht;0333100000017852;Basisschool Het Kompas;de Mol, S.A.;50PLUS;0;131125;461311;52.13948;5.03845;132100;461987;52.13948;5.03845;131219;461334;52.14560;5.52647;Maarssen;8
WS-HDSR2019;G1904;Stichtse Vecht;WK190401;Maarssen;BU19040110;Centrum ten zuiden van de Vecht;0333100000017852;Basisschool Het Kompas;Schifferling, J.H.;50PLUS;0;131125;461311;52.13948;5.03845;132100;461987;52.13948;5.03845;131219;461334;52.14560;5.52647;Maarssen;8
WS-HDSR2019;G1904;Stichtse Vecht;WK190401;Maarssen;BU19040110;Centrum ten zuiden van de Vecht;0333100000017852;Basisschool Het Kompas;Cornelissen, M.P.J.;50PLUS;0;131125;461311;52.13948;5.03845;132100;461987;52.13948;5.03845;131219;461334;52.14560;5.52647;Maarssen;8
WS-HDSR2019;G1904;Stichtse Vecht;WK190401;Maarssen;BU19040110;Centrum ten zuiden van de Vecht;0333100000017852;Basisschool Het Kompas;Postma, R.;50PLUS;0;131125;461311;52.13948;5.03845;132100;461987;52.13948;5.03845;131219;461334;52.14560;5.52647;Maarssen;8
WS-HDSR2019;G1904;Stichtse Vecht;WK190401;Maarssen;BU19040110;Centrum ten zuiden van de Vecht;0333100000016096;WereldKidz Palet (ingang Bolensteinseweg);Otterman, J.A.;Water Natuurlijk;5;131041;461277;52.13917;5.03723;132100;461987;52.13917;5.03723;131219;461334;52.14560;5.52647;Maarssen;9
WS-HDSR2019;G1904;Stichtse Vecht;WK190401;Maarssen;BU19040110;Centrum ten zuiden van de Vecht;0333100000016096;WereldKidz Palet (ingang Bolensteinseweg);Jansen, M.L.E.;Water Natuurlijk;0;131041;461277;52.13917;5.03723;132100;461987;52.13917;5.03723;131219;461334;52.14560;5.52647;Maarssen;9
WS-HDSR2019;G1904;Stichtse Vecht;WK190401;Maarssen;BU19040110;Centrum ten zuiden van de Vecht;0333100000016096;WereldKidz Palet (ingang Bolensteinseweg);van der Heijden, J.;Water Natuurlijk;0;131041;461277;52.13917;5.03723;132100;461987;52.13917;5.03723;131219;461334;52.14560;5.52647;Maarssen;9
WS-HDSR2019;G1904;Stichtse Vecht;WK190401;Maarssen;BU19040110;Centrum ten zuiden van de Vecht;0333100000016096;WereldKidz Palet (ingang Bolensteinseweg);Oskam, G.A.;Water Natuurlijk;1;131041;461277;52.13917;5.03723;132100;461987;52.13917;5.03723;131219;461334;52.14560;5.52647;Maarssen;9
WS-HDSR2019;G1904;Stichtse Vecht;WK190401;Maarssen;BU19040110;Centrum ten zuiden van de Vecht;0333100000016096;WereldKidz Palet (ingang Bolensteinseweg);van der Molen, D.T.;Water Natuurlijk;0;131041;461277;52.13917;5.03723;132100;461987;52.13917;5.03723;131219;461334;52.14560;5.52647;Maarssen;9
WS-HDSR2019;G1904;Stichtse Vecht;WK190401;Maarssen;BU19040110;Centrum ten zuiden van de Vecht;0333100000016096;WereldKidz Palet (ingang Bolensteinseweg);Dekker-Groen, A.M.;Water Natuurlijk;0;131041;461277;52.13917;5.03723;132100;461987;52.13917;5.03723;131219;461334;52.14560;5.52647;Maarssen;9
WS-HDSR2019;G1904;Stichtse Vecht;WK190401;Maarssen;BU19040110;Centrum ten zuiden van de Vecht;0333100000016096;WereldKidz Palet (ingang Bolensteinseweg);van Dam, H.A.;Water Natuurlijk;0;131041;461277;52.13917;5.03723;132100;461987;52.13917;5.03723;131219;461334;52.14560;5.52647;Maarssen;9
WS-HDSR2019;G1904;Stichtse Vecht;WK190401;Maarssen;BU19040110;Centrum ten zuiden van de Vecht;0333100000016096;WereldKidz Palet (ingang Bolensteinseweg);de Boer, R.A.;Water Natuurlijk;0;131041;461277;52.13917;5.03723;132100;461987;52.13917;5.03723;131219;461334;52.14560;5.52647;Maarssen;9
WS-HDSR2019;G1904;Stichtse Vecht;WK190401;Maarssen;BU19040110;Centrum ten zuiden van de Vecht;0333100000016096;WereldKidz Palet (ingang Bolensteinseweg);van Berckel, A.R.M.;Water Natuurlijk;0;131041;461277;52.13917;5.03723;132100;461987;52.13917;5.03723;131219;461334;52.14560;5.52647;Maarssen;9
WS-HDSR2019;G1904;Stichtse Vecht;WK190401;Maarssen;BU19040110;Centrum ten zuiden van de Vecht;0333100000016096;WereldKidz Palet (ingang Bolensteinseweg);ten Heuw, E.W.;Water Natuurlijk;0;131041;461277;52.13917;5.03723;132100;461987;52.13917;5.03723;131219;461334;52.14560;5.52647;Maarssen;9
WS-HDSR2019;G1904;Stichtse Vecht;WK190401;Maarssen;BU19040110;Centrum ten zuiden van de Vecht;0333100000016096;WereldKidz Palet (ingang Bolensteinseweg);van der Wal, R.L.;Water Natuurlijk;0;131041;461277;52.13917;5.03723;132100;461987;52.13917;5.03723;131219;461334;52.14560;5.52647;Maarssen;9
WS-HDSR2019;G1904;Stichtse Vecht;WK190401;Maarssen;BU19040110;Centrum ten zuiden van de Vecht;0333100000016096;WereldKidz Palet (ingang Bolensteinseweg);Kortekaas, M.L.;Water Natuurlijk;0;131041;461277;52.13917;5.03723;132100;461987;52.13917;5.03723;131219;461334;52.14560;5.52647;Maarssen;9
WS-HDSR2019;G1904;Stichtse Vecht;WK190401;Maarssen;BU19040110;Centrum ten zuiden van de Vecht;0333100000016096;WereldKidz Palet (ingang Bolensteinseweg);Boerkamp, J.G.;Water Natuurlijk;0;131041;461277;52.13917;5.03723;132100;461987;52.13917;5.03723;131219;461334;52.14560;5.52647;Maarssen;9
WS-HDSR2019;G1904;Stichtse Vecht;WK190401;Maarssen;BU19040110;Centrum ten zuiden van de Vecht;0333100000016096;WereldKidz Palet (ingang Bolensteinseweg);Nobel, A.C.;Water Natuurlijk;0;131041;461277;52.13917;5.03723;132100;461987;52.13917;5.03723;131219;461334;52.14560;5.52647;Maarssen;9
WS-HDSR2019;G1904;Stichtse Vecht;WK190401;Maarssen;BU19040110;Centrum ten zuiden van de Vecht;0333100000016096;WereldKidz Palet (ingang Bolensteinseweg);Kingma, J.H.;Water Natuurlijk;0;131041;461277;52.13917;5.03723;132100;461987;52.13917;5.03723;131219;461334;52.14560;5.52647;Maarssen;9
WS-HDSR2019;G1904;Stichtse Vecht;WK190401;Maarssen;BU19040110;Centrum ten zuiden van de Vecht;0333100000016096;WereldKidz Palet (ingang Bolensteinseweg);Aulich, K.M.;Water Natuurlijk;0;131041;461277;52.13917;5.03723;132100;461987;52.13917;5.03723;131219;461334;52.14560;5.52647;Maarssen;9
WS-HDSR2019;G1904;Stichtse Vecht;WK190401;Maarssen;BU19040110;Centrum ten zuiden van de Vecht;0333100000016096;WereldKidz Palet (ingang Bolensteinseweg);Veldboer, S.J.H.M.;Water Natuurlijk;0;131041;461277;52.13917;5.03723;132100;461987;52.13917;5.03723;131219;461334;52.14560;5.52647;Maarssen;9
WS-HDSR2019;G1904;Stichtse Vecht;WK190401;Maarssen;BU19040110;Centrum ten zuiden van de Vecht;0333100000016096;WereldKidz Palet (ingang Bolensteinseweg);Bijker, W.H.;Water Natuurlijk;0;131041;461277;52.13917;5.03723;132100;461987;52.13917;5.03723;131219;461334;52.14560;5.52647;Maarssen;9
WS-HDSR2019;G1904;Stichtse Vecht;WK190401;Maarssen;BU19040110;Centrum ten zuiden van de Vecht;0333100000016096;WereldKidz Palet (ingang Bolensteinseweg);Tigchelhoff, A.;Water Natuurlijk;0;131041;461277;52.13917;5.03723;132100;461987;52.13917;5.03723;131219;461334;52.14560;5.52647;Maarssen;9
WS-HDSR2019;G1904;Stichtse Vecht;WK190401;Maarssen;BU19040110;Centrum ten zuiden van de Vecht;0333100000016096;WereldKidz Palet (ingang Bolensteinseweg);Kloppenborg, J.F.M.;Water Natuurlijk;0;131041;461277;52.13917;5.03723;132100;461987;52.13917;5.03723;131219;461334;52.14560;5.52647;Maarssen;9
WS-HDSR2019;G1904;Stichtse Vecht;WK190401;Maarssen;BU19040110;Centrum ten zuiden van de Vecht;0333100000016096;WereldKidz Palet (ingang Bolensteinseweg);Goedvolk, P.A.M.;Water Natuurlijk;0;131041;461277;52.13917;5.03723;132100;461987;52.13917;5.03723;131219;461334;52.14560;5.52647;Maarssen;9
WS-HDSR2019;G1904;Stichtse Vecht;WK190401;Maarssen;BU19040110;Centrum ten zuiden van de Vecht;0333100000016096;WereldKidz Palet (ingang Bolensteinseweg);Ket, P.C.;Water Natuurlijk;0;131041;461277;52.13917;5.03723;132100;461987;52.13917;5.03723;131219;461334;52.14560;5.52647;Maarssen;9
WS-HDSR2019;G1904;Stichtse Vecht;WK190401;Maarssen;BU19040110;Centrum ten zuiden van de Vecht;0333100000016096;WereldKidz Palet (ingang Bolensteinseweg);Gnodde, M.W.J.;Water Natuurlijk;0;131041;461277;52.13917;5.03723;132100;461987;52.13917;5.03723;131219;461334;52.14560;5.52647;Maarssen;9
WS-HDSR2019;G1904;Stichtse Vecht;WK190401;Maarssen;BU19040110;Centrum ten zuiden van de Vecht;0333100000016096;WereldKidz Palet (ingang Bolensteinseweg);Zandvliet, H.C.A.;Water Natuurlijk;0;131041;461277;52.13917;5.03723;132100;461987;52.13917;5.03723;131219;461334;52.14560;5.52647;Maarssen;9
WS-HDSR2019;G1904;Stichtse Vecht;WK190401;Maarssen;BU19040110;Centrum ten zuiden van de Vecht;0333100000016096;WereldKidz Palet (ingang Bolensteinseweg);Karelse, J.J.H.G.D.;Water Natuurlijk;0;131041;461277;52.13917;5.03723;132100;461987;52.13917;5.03723;131219;461334;52.14560;5.52647;Maarssen;9
WS-HDSR2019;G1904;Stichtse Vecht;WK190401;Maarssen;BU19040110;Centrum ten zuiden van de Vecht;0333100000016096;WereldKidz Palet (ingang Bolensteinseweg);Schuhmacher, T.;Water Natuurlijk;1;131041;461277;52.13917;5.03723;132100;461987;52.13917;5.03723;131219;461334;52.14560;5.52647;Maarssen;9
WS-HDSR2019;G1904;Stichtse Vecht;WK190401;Maarssen;BU19040110;Centrum ten zuiden van de Vecht;0333100000016096;WereldKidz Palet (ingang Bolensteinseweg);Dirkse, F.R.;Water Natuurlijk;0;131041;461277;52.13917;5.03723;132100;461987;52.13917;5.03723;131219;461334;52.14560;5.52647;Maarssen;9
WS-HDSR2019;G1904;Stichtse Vecht;WK190401;Maarssen;BU19040110;Centrum ten zuiden van de Vecht;0333100000016096;WereldKidz Palet (ingang Bolensteinseweg);Hoogeveen, H.J.;Water Natuurlijk;0;131041;461277;52.13917;5.03723;132100;461987;52.13917;5.03723;131219;461334;52.14560;5.52647;Maarssen;9
WS-HDSR2019;G1904;Stichtse Vecht;WK190401;Maarssen;BU19040110;Centrum ten zuiden van de Vecht;0333100000016096;WereldKidz Palet (ingang Bolensteinseweg);Langenbach, J.W.H.;Water Natuurlijk;0;131041;461277;52.13917;5.03723;132100;461987;52.13917;5.03723;131219;461334;52.14560;5.52647;Maarssen;9
WS-HDSR2019;G1904;Stichtse Vecht;WK190401;Maarssen;BU19040110;Centrum ten zuiden van de Vecht;0333100000016096;WereldKidz Palet (ingang Bolensteinseweg);Boot, J.L.J.;Water Natuurlijk;0;131041;461277;52.13917;5.03723;132100;461987;52.13917;5.03723;131219;461334;52.14560;5.52647;Maarssen;9
WS-HDSR2019;G1904;Stichtse Vecht;WK190401;Maarssen;BU19040110;Centrum ten zuiden van de Vecht;0333100000016096;WereldKidz Palet (ingang Bolensteinseweg);van der Vorm-Gouman, E.;Water Natuurlijk;0;131041;461277;52.13917;5.03723;132100;461987;52.13917;5.03723;131219;461334;52.14560;5.52647;Maarssen;9
WS-HDSR2019;G1904;Stichtse Vecht;WK190401;Maarssen;BU19040110;Centrum ten zuiden van de Vecht;0333100000016096;WereldKidz Palet (ingang Bolensteinseweg);Jansen, G.J.P.;Water Natuurlijk;0;131041;461277;52.13917;5.03723;132100;461987;52.13917;5.03723;131219;461334;52.14560;5.52647;Maarssen;9
WS-HDSR2019;G1904;Stichtse Vecht;WK190401;Maarssen;BU19040110;Centrum ten zuiden van de Vecht;0333100000016096;WereldKidz Palet (ingang Bolensteinseweg);Becht, G.F.;Water Natuurlijk;0;131041;461277;52.13917;5.03723;132100;461987;52.13917;5.03723;131219;461334;52.14560;5.52647;Maarssen;9
WS-HDSR2019;G1904;Stichtse Vecht;WK190401;Maarssen;BU19040110;Centrum ten zuiden van de Vecht;0333100000016096;WereldKidz Palet (ingang Bolensteinseweg);van Oostenbrugge, R.;Water Natuurlijk;0;131041;461277;52.13917;5.03723;132100;461987;52.13917;5.03723;131219;461334;52.14560;5.52647;Maarssen;9
WS-HDSR2019;G1904;Stichtse Vecht;WK190401;Maarssen;BU19040110;Centrum ten zuiden van de Vecht;0333100000016096;WereldKidz Palet (ingang Bolensteinseweg);de Jonge, P.C.;Water Natuurlijk;0;131041;461277;52.13917;5.03723;132100;461987;52.13917;5.03723;131219;461334;52.14560;5.52647;Maarssen;9
WS-HDSR2019;G1904;Stichtse Vecht;WK190401;Maarssen;BU19040110;Centrum ten zuiden van de Vecht;0333100000016096;WereldKidz Palet (ingang Bolensteinseweg);Naber, J.M.L.;Water Natuurlijk;0;131041;461277;52.13917;5.03723;132100;461987;52.13917;5.03723;131219;461334;52.14560;5.52647;Maarssen;9
WS-HDSR2019;G1904;Stichtse Vecht;WK190401;Maarssen;BU19040110;Centrum ten zuiden van de Vecht;0333100000016096;WereldKidz Palet (ingang Bolensteinseweg);Duindam, J.I.M.;Water Natuurlijk;0;131041;461277;52.13917;5.03723;132100;461987;52.13917;5.03723;131219;461334;52.14560;5.52647;Maarssen;9
WS-HDSR2019;G1904;Stichtse Vecht;WK190401;Maarssen;BU19040110;Centrum ten zuiden van de Vecht;0333100000016096;WereldKidz Palet (ingang Bolensteinseweg);Lintmeijer, F.C.W.C.;Water Natuurlijk;0;131041;461277;52.13917;5.03723;132100;461987;52.13917;5.03723;131219;461334;52.14560;5.52647;Maarssen;9
WS-HDSR2019;G1904;Stichtse Vecht;WK190401;Maarssen;BU19040110;Centrum ten zuiden van de Vecht;0333100000016096;WereldKidz Palet (ingang Bolensteinseweg);Koster-Dreese, Y.;Water Natuurlijk;0;131041;461277;52.13917;5.03723;132100;461987;52.13917;5.03723;131219;461334;52.14560;5.52647;Maarssen;9
WS-HDSR2019;G1904;Stichtse Vecht;WK190401;Maarssen;BU19040110;Centrum ten zuiden van de Vecht;0333100000016096;WereldKidz Palet (ingang Bolensteinseweg);Beugelink, G.P.;Water Natuurlijk;0;131041;461277;52.13917;5.03723;132100;461987;52.13917;5.03723;131219;461334;52.14560;5.52647;Maarssen;9
WS-HDSR2019;G1904;Stichtse Vecht;WK190401;Maarssen;BU19040110;Centrum ten zuiden van de Vecht;0333100000016096;WereldKidz Palet (ingang Bolensteinseweg);van Essen, H.P.;Water Natuurlijk;0;131041;461277;52.13917;5.03723;132100;461987;52.13917;5.03723;131219;461334;52.14560;5.52647;Maarssen;9
WS-HDSR2019;G1904;Stichtse Vecht;WK190401;Maarssen;BU19040110;Centrum ten zuiden van de Vecht;0333100000016096;WereldKidz Palet (ingang Bolensteinseweg);Snoeren, P.W.M.;Water Natuurlijk;0;131041;461277;52.13917;5.03723;132100;461987;52.13917;5.03723;131219;461334;52.14560;5.52647;Maarssen;9
WS-HDSR2019;G1904;Stichtse Vecht;WK190401;Maarssen;BU19040110;Centrum ten zuiden van de Vecht;0333100000016096;WereldKidz Palet (ingang Bolensteinseweg);Groenendijk, S.;VVD;5;131041;461277;52.13917;5.03723;132100;461987;52.13917;5.03723;131219;461334;52.14560;5.52647;Maarssen;9
WS-HDSR2019;G1904;Stichtse Vecht;WK190401;Maarssen;BU19040110;Centrum ten zuiden van de Vecht;0333100000016096;WereldKidz Palet (ingang Bolensteinseweg);van der Sterre, P.J.;VVD;0;131041;461277;52.13917;5.03723;132100;461987;52.13917;5.03723;131219;461334;52.14560;5.52647;Maarssen;9
WS-HDSR2019;G1904;Stichtse Vecht;WK190401;Maarssen;BU19040110;Centrum ten zuiden van de Vecht;0333100000016096;WereldKidz Palet (ingang Bolensteinseweg);Eijsbroek, N.;VVD;1;131041;461277;52.13917;5.03723;132100;461987;52.13917;5.03723;131219;461334;52.14560;5.52647;Maarssen;9
WS-HDSR2019;G1904;Stichtse Vecht;WK190401;Maarssen;BU19040110;Centrum ten zuiden van de Vecht;0333100000016096;WereldKidz Palet (ingang Bolensteinseweg);van Winden, A.J.;VVD;0;131041;461277;52.13917;5.03723;132100;461987;52.13917;5.03723;131219;461334;52.14560;5.52647;Maarssen;9
WS-HDSR2019;G1904;Stichtse Vecht;WK190401;Maarssen;BU19040110;Centrum ten zuiden van de Vecht;0333100000016096;WereldKidz Palet (ingang Bolensteinseweg);van Baaren, J.;VVD;0;131041;461277;52.13917;5.03723;132100;461987;52.13917;5.03723;131219;461334;52.14560;5.52647;Maarssen;9
WS-HDSR2019;G1904;Stichtse Vecht;WK190401;Maarssen;BU19040110;Centrum ten zuiden van de Vecht;0333100000016096;WereldKidz Palet (ingang Bolensteinseweg);Kapper, S.R.;VVD;0;131041;461277;52.13917;5.03723;132100;461987;52.13917;5.03723;131219;461334;52.14560;5.52647;Maarssen;9
WS-HDSR2019;G1904;Stichtse Vecht;WK190401;Maarssen;BU19040110;Centrum ten zuiden van de Vecht;0333100000016096;WereldKidz Palet (ingang Bolensteinseweg);Michielsen, P.F.M.;VVD;0;131041;461277;52.13917;5.03723;132100;461987;52.13917;5.03723;131219;461334;52.14560;5.52647;Maarssen;9
WS-HDSR2019;G1904;Stichtse Vecht;WK190401;Maarssen;BU19040110;Centrum ten zuiden van de Vecht;0333100000016096;WereldKidz Palet (ingang Bolensteinseweg);Trapman, E.G.J.H.;VVD;0;131041;461277;52.13917;5.03723;132100;461987;52.13917;5.03723;131219;461334;52.14560;5.52647;Maarssen;9
WS-HDSR2019;G1904;Stichtse Vecht;WK190401;Maarssen;BU19040110;Centrum ten zuiden van de Vecht;0333100000016096;WereldKidz Palet (ingang Bolensteinseweg);de Jong, B.;CDA;0;131041;461277;52.13917;5.03723;132100;461987;52.13917;5.03723;131219;461334;52.14560;5.52647;Maarssen;9
WS-HDSR2019;G1904;Stichtse Vecht;WK190401;Maarssen;BU19040110;Centrum ten zuiden van de Vecht;0333100000016096;WereldKidz Palet (ingang Bolensteinseweg);Sommer-de Vries, K.H.;CDA;0;131041;461277;52.13917;5.03723;132100;461987;52.13917;5.03723;131219;461334;52.14560;5.52647;Maarssen;9
WS-HDSR2019;G1904;Stichtse Vecht;WK190401;Maarssen;BU19040110;Centrum ten zuiden van de Vecht;0333100000016096;WereldKidz Palet (ingang Bolensteinseweg);Droogers, J.A.G.W.;CDA;0;131041;461277;52.13917;5.03723;132100;461987;52.13917;5.03723;131219;461334;52.14560;5.52647;Maarssen;9
WS-HDSR2019;G1904;Stichtse Vecht;WK190401;Maarssen;BU19040110;Centrum ten zuiden van de Vecht;0333100000016096;WereldKidz Palet (ingang Bolensteinseweg);Bakker, P.J.I.;CDA;0;131041;461277;52.13917;5.03723;132100;461987;52.13917;5.03723;131219;461334;52.14560;5.52647;Maarssen;9
WS-HDSR2019;G1904;Stichtse Vecht;WK190401;Maarssen;BU19040110;Centrum ten zuiden van de Vecht;0333100000016096;WereldKidz Palet (ingang Bolensteinseweg);de Roos, T.L.;CDA;0;131041;461277;52.13917;5.03723;132100;461987;52.13917;5.03723;131219;461334;52.14560;5.52647;Maarssen;9
WS-HDSR2019;G1904;Stichtse Vecht;WK190401;Maarssen;BU19040110;Centrum ten zuiden van de Vecht;0333100000016096;WereldKidz Palet (ingang Bolensteinseweg);Roorda, F.A.;CDA;0;131041;461277;52.13917;5.03723;132100;461987;52.13917;5.03723;131219;461334;52.14560;5.52647;Maarssen;9
WS-HDSR2019;G1904;Stichtse Vecht;WK190401;Maarssen;BU19040110;Centrum ten zuiden van de Vecht;0333100000016096;WereldKidz Palet (ingang Bolensteinseweg);Adriani-Wempe, H.J.;CDA;0;131041;461277;52.13917;5.03723;132100;461987;52.13917;5.03723;131219;461334;52.14560;5.52647;Maarssen;9
WS-HDSR2019;G1904;Stichtse Vecht;WK190401;Maarssen;BU19040110;Centrum ten zuiden van de Vecht;0333100000016096;WereldKidz Palet (ingang Bolensteinseweg);Verbij, A.L.G.;CDA;0;131041;461277;52.13917;5.03723;132100;461987;52.13917;5.03723;131219;461334;52.14560;5.52647;Maarssen;9
WS-HDSR2019;G1904;Stichtse Vecht;WK190401;Maarssen;BU19040110;Centrum ten zuiden van de Vecht;0333100000016096;WereldKidz Palet (ingang Bolensteinseweg);van Arendonk, L.A.A.M.;CDA;0;131041;461277;52.13917;5.03723;132100;461987;52.13917;5.03723;131219;461334;52.14560;5.52647;Maarssen;9
WS-HDSR2019;G1904;Stichtse Vecht;WK190401;Maarssen;BU19040110;Centrum ten zuiden van de Vecht;0333100000016096;WereldKidz Palet (ingang Bolensteinseweg);van Petersen, H.G.J.;CDA;0;131041;461277;52.13917;5.03723;132100;461987;52.13917;5.03723;131219;461334;52.14560;5.52647;Maarssen;9
WS-HDSR2019;G1904;Stichtse Vecht;WK190401;Maarssen;BU19040110;Centrum ten zuiden van de Vecht;0333100000016096;WereldKidz Palet (ingang Bolensteinseweg);Vinkenburg, J.H.W.M.;CDA;0;131041;461277;52.13917;5.03723;132100;461987;52.13917;5.03723;131219;461334;52.14560;5.52647;Maarssen;9
WS-HDSR2019;G1904;Stichtse Vecht;WK190401;Maarssen;BU19040110;Centrum ten zuiden van de Vecht;0333100000016096;WereldKidz Palet (ingang Bolensteinseweg);van der Spek, W.J.;CDA;0;131041;461277;52.13917;5.03723;132100;461987;52.13917;5.03723;131219;461334;52.14560;5.52647;Maarssen;9
WS-HDSR2019;G1904;Stichtse Vecht;WK190401;Maarssen;BU19040110;Centrum ten zuiden van de Vecht;0333100000016096;WereldKidz Palet (ingang Bolensteinseweg);de Regt, A.M.;CDA;0;131041;461277;52.13917;5.03723;132100;461987;52.13917;5.03723;131219;461334;52.14560;5.52647;Maarssen;9
WS-HDSR2019;G1904;Stichtse Vecht;WK190401;Maarssen;BU19040110;Centrum ten zuiden van de Vecht;0333100000016096;WereldKidz Palet (ingang Bolensteinseweg);Overbeek, K.B.J.;CDA;0;131041;461277;52.13917;5.03723;132100;461987;52.13917;5.03723;131219;461334;52.14560;5.52647;Maarssen;9
WS-HDSR2019;G1904;Stichtse Vecht;WK190401;Maarssen;BU19040110;Centrum ten zuiden van de Vecht;0333100000016096;WereldKidz Palet (ingang Bolensteinseweg);Jonkers, C.A.;CDA;0;131041;461277;52.13917;5.03723;132100;461987;52.13917;5.03723;131219;461334;52.14560;5.52647;Maarssen;9
WS-HDSR2019;G1904;Stichtse Vecht;WK190401;Maarssen;BU19040110;Centrum ten zuiden van de Vecht;0333100000016096;WereldKidz Palet (ingang Bolensteinseweg);Bunnik, R.P.;CDA;0;131041;461277;52.13917;5.03723;132100;461987;52.13917;5.03723;131219;461334;52.14560;5.52647;Maarssen;9
WS-HDSR2019;G1904;Stichtse Vecht;WK190401;Maarssen;BU19040110;Centrum ten zuiden van de Vecht;0333100000016096;WereldKidz Palet (ingang Bolensteinseweg);van der Honing, H.;CDA;0;131041;461277;52.13917;5.03723;132100;461987;52.13917;5.03723;131219;461334;52.14560;5.52647;Maarssen;9
WS-HDSR2019;G1904;Stichtse Vecht;WK190401;Maarssen;BU19040110;Centrum ten zuiden van de Vecht;0333100000016096;WereldKidz Palet (ingang Bolensteinseweg);Keestra, J.M.;CDA;0;131041;461277;52.13917;5.03723;132100;461987;52.13917;5.03723;131219;461334;52.14560;5.52647;Maarssen;9
WS-HDSR2019;G1904;Stichtse Vecht;WK190401;Maarssen;BU19040110;Centrum ten zuiden van de Vecht;0333100000016096;WereldKidz Palet (ingang Bolensteinseweg);van Wijk, W.A.M.;CDA;0;131041;461277;52.13917;5.03723;132100;461987;52.13917;5.03723;131219;461334;52.14560;5.52647;Maarssen;9
WS-HDSR2019;G1904;Stichtse Vecht;WK190401;Maarssen;BU19040110;Centrum ten zuiden van de Vecht;0333100000016096;WereldKidz Palet (ingang Bolensteinseweg);Vernie, L.N.;CDA;0;131041;461277;52.13917;5.03723;132100;461987;52.13917;5.03723;131219;461334;52.14560;5.52647;Maarssen;9
WS-HDSR2019;G1904;Stichtse Vecht;WK190401;Maarssen;BU19040110;Centrum ten zuiden van de Vecht;0333100000016096;WereldKidz Palet (ingang Bolensteinseweg);Tiggeloven, A.B.M.;CDA;0;131041;461277;52.13917;5.03723;132100;461987;52.13917;5.03723;131219;461334;52.14560;5.52647;Maarssen;9
WS-HDSR2019;G1904;Stichtse Vecht;WK190401;Maarssen;BU19040110;Centrum ten zuiden van de Vecht;0333100000016096;WereldKidz Palet (ingang Bolensteinseweg);Muijs, A.J.A.;CDA;0;131041;461277;52.13917;5.03723;132100;461987;52.13917;5.03723;131219;461334;52.14560;5.52647;Maarssen;9
WS-HDSR2019;G1904;Stichtse Vecht;WK190401;Maarssen;BU19040110;Centrum ten zuiden van de Vecht;0333100000016096;WereldKidz Palet (ingang Bolensteinseweg);van Kippersluis, F.P.;CDA;0;131041;461277;52.13917;5.03723;132100;461987;52.13917;5.03723;131219;461334;52.14560;5.52647;Maarssen;9
WS-HDSR2019;G1904;Stichtse Vecht;WK190401;Maarssen;BU19040110;Centrum ten zuiden van de Vecht;0333100000016096;WereldKidz Palet (ingang Bolensteinseweg);Migchels, G.;CDA;0;131041;461277;52.13917;5.03723;132100;461987;52.13917;5.03723;131219;461334;52.14560;5.52647;Maarssen;9
WS-HDSR2019;G1904;Stichtse Vecht;WK190401;Maarssen;BU19040110;Centrum ten zuiden van de Vecht;0333100000016096;WereldKidz Palet (ingang Bolensteinseweg);Baars, J.G.;CDA;0;131041;461277;52.13917;5.03723;132100;461987;52.13917;5.03723;131219;461334;52.14560;5.52647;Maarssen;9
WS-HDSR2019;G1904;Stichtse Vecht;WK190401;Maarssen;BU19040110;Centrum ten zuiden van de Vecht;0333100000016096;WereldKidz Palet (ingang Bolensteinseweg);Blom-Oosterhoff, R.C.;CDA;0;131041;461277;52.13917;5.03723;132100;461987;52.13917;5.03723;131219;461334;52.14560;5.52647;Maarssen;9
WS-HDSR2019;G1904;Stichtse Vecht;WK190401;Maarssen;BU19040110;Centrum ten zuiden van de Vecht;0333100000016096;WereldKidz Palet (ingang Bolensteinseweg);Jansen op de Haar, C.G.;Partij van de Arbeid (P.v.d.A.);1;131041;461277;52.13917;5.03723;132100;461987;52.13917;5.03723;131219;461334;52.14560;5.52647;Maarssen;9
WS-HDSR2019;G1904;Stichtse Vecht;WK190401;Maarssen;BU19040110;Centrum ten zuiden van de Vecht;0333100000016096;WereldKidz Palet (ingang Bolensteinseweg);van Zoelen, N.M.;Partij van de Arbeid (P.v.d.A.);2;131041;461277;52.13917;5.03723;132100;461987;52.13917;5.03723;131219;461334;52.14560;5.52647;Maarssen;9
WS-HDSR2019;G1904;Stichtse Vecht;WK190401;Maarssen;BU19040110;Centrum ten zuiden van de Vecht;0333100000016096;WereldKidz Palet (ingang Bolensteinseweg);van Bork, F.J.;Partij van de Arbeid (P.v.d.A.);0;131041;461277;52.13917;5.03723;132100;461987;52.13917;5.03723;131219;461334;52.14560;5.52647;Maarssen;9
WS-HDSR2019;G1904;Stichtse Vecht;WK190401;Maarssen;BU19040110;Centrum ten zuiden van de Vecht;0333100000016096;WereldKidz Palet (ingang Bolensteinseweg);Heesen, W.A.;Partij van de Arbeid (P.v.d.A.);0;131041;461277;52.13917;5.03723;132100;461987;52.13917;5.03723;131219;461334;52.14560;5.52647;Maarssen;9
WS-HDSR2019;G1904;Stichtse Vecht;WK190401;Maarssen;BU19040110;Centrum ten zuiden van de Vecht;0333100000016096;WereldKidz Palet (ingang Bolensteinseweg);Reerink, J.G.M.;Partij van de Arbeid (P.v.d.A.);0;131041;461277;52.13917;5.03723;132100;461987;52.13917;5.03723;131219;461334;52.14560;5.52647;Maarssen;9
WS-HDSR2019;G1904;Stichtse Vecht;WK190401;Maarssen;BU19040110;Centrum ten zuiden van de Vecht;0333100000016096;WereldKidz Palet (ingang Bolensteinseweg);Mulder, G.G.J.;Partij van de Arbeid (P.v.d.A.);0;131041;461277;52.13917;5.03723;132100;461987;52.13917;5.03723;131219;461334;52.14560;5.52647;Maarssen;9
WS-HDSR2019;G1904;Stichtse Vecht;WK190401;Maarssen;BU19040110;Centrum ten zuiden van de Vecht;0333100000016096;WereldKidz Palet (ingang Bolensteinseweg);Steen, J.H.;Partij van de Arbeid (P.v.d.A.);0;131041;461277;52.13917;5.03723;132100;461987;52.13917;5.03723;131219;461334;52.14560;5.52647;Maarssen;9
WS-HDSR2019;G1904;Stichtse Vecht;WK190401;Maarssen;BU19040110;Centrum ten zuiden van de Vecht;0333100000016096;WereldKidz Palet (ingang Bolensteinseweg);Jeddaoui, S.;Partij van de Arbeid (P.v.d.A.);0;131041;461277;52.13917;5.03723;132100;461987;52.13917;5.03723;131219;461334;52.14560;5.52647;Maarssen;9
WS-HDSR2019;G1904;Stichtse Vecht;WK190401;Maarssen;BU19040110;Centrum ten zuiden van de Vecht;0333100000016096;WereldKidz Palet (ingang Bolensteinseweg);Meijerink, M.S.J.;Partij van de Arbeid (P.v.d.A.);0;131041;461277;52.13917;5.03723;132100;461987;52.13917;5.03723;131219;461334;52.14560;5.52647;Maarssen;9
WS-HDSR2019;G1904;Stichtse Vecht;WK190401;Maarssen;BU19040110;Centrum ten zuiden van de Vecht;0333100000016096;WereldKidz Palet (ingang Bolensteinseweg);Dubbink, J.;Partij van de Arbeid (P.v.d.A.);0;131041;461277;52.13917;5.03723;132100;461987;52.13917;5.03723;131219;461334;52.14560;5.52647;Maarssen;9
WS-HDSR2019;G1904;Stichtse Vecht;WK190401;Maarssen;BU19040110;Centrum ten zuiden van de Vecht;0333100000016096;WereldKidz Palet (ingang Bolensteinseweg);Kaas, D.;Partij van de Arbeid (P.v.d.A.);0;131041;461277;52.13917;5.03723;132100;461987;52.13917;5.03723;131219;461334;52.14560;5.52647;Maarssen;9
WS-HDSR2019;G1904;Stichtse Vecht;WK190401;Maarssen;BU19040110;Centrum ten zuiden van de Vecht;0333100000016096;WereldKidz Palet (ingang Bolensteinseweg);van Dijk, M.J.;Partij van de Arbeid (P.v.d.A.);0;131041;461277;52.13917;5.03723;132100;461987;52.13917;5.03723;131219;461334;52.14560;5.52647;Maarssen;9
WS-HDSR2019;G1904;Stichtse Vecht;WK190401;Maarssen;BU19040110;Centrum ten zuiden van de Vecht;0333100000016096;WereldKidz Palet (ingang Bolensteinseweg);Boer, A.;Partij van de Arbeid (P.v.d.A.);0;131041;461277;52.13917;5.03723;132100;461987;52.13917;5.03723;131219;461334;52.14560;5.52647;Maarssen;9
WS-HDSR2019;G1904;Stichtse Vecht;WK190401;Maarssen;BU19040110;Centrum ten zuiden van de Vecht;0333100000016096;WereldKidz Palet (ingang Bolensteinseweg);Dibi, B.;Partij van de Arbeid (P.v.d.A.);0;131041;461277;52.13917;5.03723;132100;461987;52.13917;5.03723;131219;461334;52.14560;5.52647;Maarssen;9
WS-HDSR2019;G1904;Stichtse Vecht;WK190401;Maarssen;BU19040110;Centrum ten zuiden van de Vecht;0333100000016096;WereldKidz Palet (ingang Bolensteinseweg);van Hoof-Ward, M.;Partij van de Arbeid (P.v.d.A.);0;131041;461277;52.13917;5.03723;132100;461987;52.13917;5.03723;131219;461334;52.14560;5.52647;Maarssen;9
WS-HDSR2019;G1904;Stichtse Vecht;WK190401;Maarssen;BU19040110;Centrum ten zuiden van de Vecht;0333100000016096;WereldKidz Palet (ingang Bolensteinseweg);van Alfen, I.H.;Partij van de Arbeid (P.v.d.A.);0;131041;461277;52.13917;5.03723;132100;461987;52.13917;5.03723;131219;461334;52.14560;5.52647;Maarssen;9
WS-HDSR2019;G1904;Stichtse Vecht;WK190401;Maarssen;BU19040110;Centrum ten zuiden van de Vecht;0333100000016096;WereldKidz Palet (ingang Bolensteinseweg);Vellekoop, L.E.C.;Partij van de Arbeid (P.v.d.A.);0;131041;461277;52.13917;5.03723;132100;461987;52.13917;5.03723;131219;461334;52.14560;5.52647;Maarssen;9
WS-HDSR2019;G1904;Stichtse Vecht;WK190401;Maarssen;BU19040110;Centrum ten zuiden van de Vecht;0333100000016096;WereldKidz Palet (ingang Bolensteinseweg);Travaille, A.;Partij voor de Dieren;0;131041;461277;52.13917;5.03723;132100;461987;52.13917;5.03723;131219;461334;52.14560;5.52647;Maarssen;9
WS-HDSR2019;G1904;Stichtse Vecht;WK190401;Maarssen;BU19040110;Centrum ten zuiden van de Vecht;0333100000016096;WereldKidz Palet (ingang Bolensteinseweg);van der Steeg, W.;Partij voor de Dieren;0;131041;461277;52.13917;5.03723;132100;461987;52.13917;5.03723;131219;461334;52.14560;5.52647;Maarssen;9
WS-HDSR2019;G1904;Stichtse Vecht;WK190401;Maarssen;BU19040110;Centrum ten zuiden van de Vecht;0333100000016096;WereldKidz Palet (ingang Bolensteinseweg);van der Kruk, R.;Partij voor de Dieren;0;131041;461277;52.13917;5.03723;132100;461987;52.13917;5.03723;131219;461334;52.14560;5.52647;Maarssen;9
WS-HDSR2019;G1904;Stichtse Vecht;WK190401;Maarssen;BU19040110;Centrum ten zuiden van de Vecht;0333100000016096;WereldKidz Palet (ingang Bolensteinseweg);Dam, F.;Partij voor de Dieren;0;131041;461277;52.13917;5.03723;132100;461987;52.13917;5.03723;131219;461334;52.14560;5.52647;Maarssen;9
WS-HDSR2019;G1904;Stichtse Vecht;WK190401;Maarssen;BU19040110;Centrum ten zuiden van de Vecht;0333100000016096;WereldKidz Palet (ingang Bolensteinseweg);Hendriks, M.A.;Partij voor de Dieren;0;131041;461277;52.13917;5.03723;132100;461987;52.13917;5.03723;131219;461334;52.14560;5.52647;Maarssen;9
WS-HDSR2019;G1904;Stichtse Vecht;WK190401;Maarssen;BU19040110;Centrum ten zuiden van de Vecht;0333100000016096;WereldKidz Palet (ingang Bolensteinseweg);Korteweg, E.I.;Partij voor de Dieren;0;131041;461277;52.13917;5.03723;132100;461987;52.13917;5.03723;131219;461334;52.14560;5.52647;Maarssen;9
WS-HDSR2019;G1904;Stichtse Vecht;WK190401;Maarssen;BU19040110;Centrum ten zuiden van de Vecht;0333100000016096;WereldKidz Palet (ingang Bolensteinseweg);Verkleij-Torenbeek, C.;Partij voor de Dieren;0;131041;461277;52.13917;5.03723;132100;461987;52.13917;5.03723;131219;461334;52.14560;5.52647;Maarssen;9
WS-HDSR2019;G1904;Stichtse Vecht;WK190401;Maarssen;BU19040110;Centrum ten zuiden van de Vecht;0333100000016096;WereldKidz Palet (ingang Bolensteinseweg);Oskam, S.W.;Partij voor de Dieren;0;131041;461277;52.13917;5.03723;132100;461987;52.13917;5.03723;131219;461334;52.14560;5.52647;Maarssen;9
WS-HDSR2019;G1904;Stichtse Vecht;WK190401;Maarssen;BU19040110;Centrum ten zuiden van de Vecht;0333100000016096;WereldKidz Palet (ingang Bolensteinseweg);Bodewitz, W.A.;Partij voor de Dieren;0;131041;461277;52.13917;5.03723;132100;461987;52.13917;5.03723;131219;461334;52.14560;5.52647;Maarssen;9
WS-HDSR2019;G1904;Stichtse Vecht;WK190401;Maarssen;BU19040110;Centrum ten zuiden van de Vecht;0333100000016096;WereldKidz Palet (ingang Bolensteinseweg);Verkaik, E.;Waterschap@inwonersbelangen;0;131041;461277;52.13917;5.03723;132100;461987;52.13917;5.03723;131219;461334;52.14560;5.52647;Maarssen;9
WS-HDSR2019;G1904;Stichtse Vecht;WK190401;Maarssen;BU19040110;Centrum ten zuiden van de Vecht;0333100000016096;WereldKidz Palet (ingang Bolensteinseweg);Ketting, H.B.G.;Waterschap@inwonersbelangen;2;131041;461277;52.13917;5.03723;132100;461987;52.13917;5.03723;131219;461334;52.14560;5.52647;Maarssen;9
WS-HDSR2019;G1904;Stichtse Vecht;WK190401;Maarssen;BU19040110;Centrum ten zuiden van de Vecht;0333100000016096;WereldKidz Palet (ingang Bolensteinseweg);Haaxma, A.;Waterschap@inwonersbelangen;0;131041;461277;52.13917;5.03723;132100;461987;52.13917;5.03723;131219;461334;52.14560;5.52647;Maarssen;9
WS-HDSR2019;G1904;Stichtse Vecht;WK190401;Maarssen;BU19040110;Centrum ten zuiden van de Vecht;0333100000016096;WereldKidz Palet (ingang Bolensteinseweg);Zandbergen, G.;Waterschap@inwonersbelangen;0;131041;461277;52.13917;5.03723;132100;461987;52.13917;5.03723;131219;461334;52.14560;5.52647;Maarssen;9
WS-HDSR2019;G1904;Stichtse Vecht;WK190401;Maarssen;BU19040110;Centrum ten zuiden van de Vecht;0333100000016096;WereldKidz Palet (ingang Bolensteinseweg);van Leeuwen-van der Horst, L.P.T.;Waterschap@inwonersbelangen;0;131041;461277;52.13917;5.03723;132100;461987;52.13917;5.03723;131219;461334;52.14560;5.52647;Maarssen;9
WS-HDSR2019;G1904;Stichtse Vecht;WK190401;Maarssen;BU19040110;Centrum ten zuiden van de Vecht;0333100000016096;WereldKidz Palet (ingang Bolensteinseweg);van der Does, J.C.;Waterschap@inwonersbelangen;1;131041;461277;52.13917;5.03723;132100;461987;52.13917;5.03723;131219;461334;52.14560;5.52647;Maarssen;9
WS-HDSR2019;G1904;Stichtse Vecht;WK190401;Maarssen;BU19040110;Centrum ten zuiden van de Vecht;0333100000016096;WereldKidz Palet (ingang Bolensteinseweg);van Niel, D.A.;Waterschap@inwonersbelangen;0;131041;461277;52.13917;5.03723;132100;461987;52.13917;5.03723;131219;461334;52.14560;5.52647;Maarssen;9
WS-HDSR2019;G1904;Stichtse Vecht;WK190401;Maarssen;BU19040110;Centrum ten zuiden van de Vecht;0333100000016096;WereldKidz Palet (ingang Bolensteinseweg);Borst-Kruithof, K.;Waterschap@inwonersbelangen;0;131041;461277;52.13917;5.03723;132100;461987;52.13917;5.03723;131219;461334;52.14560;5.52647;Maarssen;9
WS-HDSR2019;G1904;Stichtse Vecht;WK190401;Maarssen;BU19040110;Centrum ten zuiden van de Vecht;0333100000016096;WereldKidz Palet (ingang Bolensteinseweg);Voorendt, T.C.M.;Waterschap@inwonersbelangen;0;131041;461277;52.13917;5.03723;132100;461987;52.13917;5.03723;131219;461334;52.14560;5.52647;Maarssen;9
WS-HDSR2019;G1904;Stichtse Vecht;WK190401;Maarssen;BU19040110;Centrum ten zuiden van de Vecht;0333100000016096;WereldKidz Palet (ingang Bolensteinseweg);de With, F.;Waterschap@inwonersbelangen;0;131041;461277;52.13917;5.03723;132100;461987;52.13917;5.03723;131219;461334;52.14560;5.52647;Maarssen;9
WS-HDSR2019;G1904;Stichtse Vecht;WK190401;Maarssen;BU19040110;Centrum ten zuiden van de Vecht;0333100000016096;WereldKidz Palet (ingang Bolensteinseweg);Boer, W.J.;Waterschap@inwonersbelangen;0;131041;461277;52.13917;5.03723;132100;461987;52.13917;5.03723;131219;461334;52.14560;5.52647;Maarssen;9
WS-HDSR2019;G1904;Stichtse Vecht;WK190401;Maarssen;BU19040110;Centrum ten zuiden van de Vecht;0333100000016096;WereldKidz Palet (ingang Bolensteinseweg);Verkaik, L.J.C.;Waterschap@inwonersbelangen;0;131041;461277;52.13917;5.03723;132100;461987;52.13917;5.03723;131219;461334;52.14560;5.52647;Maarssen;9
WS-HDSR2019;G1904;Stichtse Vecht;WK190401;Maarssen;BU19040110;Centrum ten zuiden van de Vecht;0333100000016096;WereldKidz Palet (ingang Bolensteinseweg);Streekstra, S.;Waterschap@inwonersbelangen;0;131041;461277;52.13917;5.03723;132100;461987;52.13917;5.03723;131219;461334;52.14560;5.52647;Maarssen;9
WS-HDSR2019;G1904;Stichtse Vecht;WK190401;Maarssen;BU19040110;Centrum ten zuiden van de Vecht;0333100000016096;WereldKidz Palet (ingang Bolensteinseweg);van Kranenburg, C.J.;ChristenUnie;0;131041;461277;52.13917;5.03723;132100;461987;52.13917;5.03723;131219;461334;52.14560;5.52647;Maarssen;9
WS-HDSR2019;G1904;Stichtse Vecht;WK190401;Maarssen;BU19040110;Centrum ten zuiden van de Vecht;0333100000016096;WereldKidz Palet (ingang Bolensteinseweg);van de Belt, D.;ChristenUnie;0;131041;461277;52.13917;5.03723;132100;461987;52.13917;5.03723;131219;461334;52.14560;5.52647;Maarssen;9
WS-HDSR2019;G1904;Stichtse Vecht;WK190401;Maarssen;BU19040110;Centrum ten zuiden van de Vecht;0333100000016096;WereldKidz Palet (ingang Bolensteinseweg);Pleijsier, C.S.;ChristenUnie;0;131041;461277;52.13917;5.03723;132100;461987;52.13917;5.03723;131219;461334;52.14560;5.52647;Maarssen;9
WS-HDSR2019;G1904;Stichtse Vecht;WK190401;Maarssen;BU19040110;Centrum ten zuiden van de Vecht;0333100000016096;WereldKidz Palet (ingang Bolensteinseweg);Zeef, P.H.H.;ChristenUnie;0;131041;461277;52.13917;5.03723;132100;461987;52.13917;5.03723;131219;461334;52.14560;5.52647;Maarssen;9
WS-HDSR2019;G1904;Stichtse Vecht;WK190401;Maarssen;BU19040110;Centrum ten zuiden van de Vecht;0333100000016096;WereldKidz Palet (ingang Bolensteinseweg);Voortman, D.G.J.;ChristenUnie;0;131041;461277;52.13917;5.03723;132100;461987;52.13917;5.03723;131219;461334;52.14560;5.52647;Maarssen;9
WS-HDSR2019;G1904;Stichtse Vecht;WK190401;Maarssen;BU19040110;Centrum ten zuiden van de Vecht;0333100000016096;WereldKidz Palet (ingang Bolensteinseweg);Snoek, H.C.;ChristenUnie;0;131041;461277;52.13917;5.03723;132100;461987;52.13917;5.03723;131219;461334;52.14560;5.52647;Maarssen;9
WS-HDSR2019;G1904;Stichtse Vecht;WK190401;Maarssen;BU19040110;Centrum ten zuiden van de Vecht;0333100000016096;WereldKidz Palet (ingang Bolensteinseweg);van der Grift, C.M.;ChristenUnie;0;131041;461277;52.13917;5.03723;132100;461987;52.13917;5.03723;131219;461334;52.14560;5.52647;Maarssen;9
WS-HDSR2019;G1904;Stichtse Vecht;WK190401;Maarssen;BU19040110;Centrum ten zuiden van de Vecht;0333100000016096;WereldKidz Palet (ingang Bolensteinseweg);Reinders, M.J.;ChristenUnie;0;131041;461277;52.13917;5.03723;132100;461987;52.13917;5.03723;131219;461334;52.14560;5.52647;Maarssen;9
WS-HDSR2019;G1904;Stichtse Vecht;WK190401;Maarssen;BU19040110;Centrum ten zuiden van de Vecht;0333100000016096;WereldKidz Palet (ingang Bolensteinseweg);Benders-Molenaar, M.;ChristenUnie;0;131041;461277;52.13917;5.03723;132100;461987;52.13917;5.03723;131219;461334;52.14560;5.52647;Maarssen;9
WS-HDSR2019;G1904;Stichtse Vecht;WK190401;Maarssen;BU19040110;Centrum ten zuiden van de Vecht;0333100000016096;WereldKidz Palet (ingang Bolensteinseweg);van Wijnen, D.A.;ChristenUnie;0;131041;461277;52.13917;5.03723;132100;461987;52.13917;5.03723;131219;461334;52.14560;5.52647;Maarssen;9
WS-HDSR2019;G1904;Stichtse Vecht;WK190401;Maarssen;BU19040110;Centrum ten zuiden van de Vecht;0333100000016096;WereldKidz Palet (ingang Bolensteinseweg);Voorberg, C.Z.;ChristenUnie;0;131041;461277;52.13917;5.03723;132100;461987;52.13917;5.03723;131219;461334;52.14560;5.52647;Maarssen;9
WS-HDSR2019;G1904;Stichtse Vecht;WK190401;Maarssen;BU19040110;Centrum ten zuiden van de Vecht;0333100000016096;WereldKidz Palet (ingang Bolensteinseweg);Roetman, I.C.;ChristenUnie;0;131041;461277;52.13917;5.03723;132100;461987;52.13917;5.03723;131219;461334;52.14560;5.52647;Maarssen;9
WS-HDSR2019;G1904;Stichtse Vecht;WK190401;Maarssen;BU19040110;Centrum ten zuiden van de Vecht;0333100000016096;WereldKidz Palet (ingang Bolensteinseweg);Wentink, A.G.;ChristenUnie;0;131041;461277;52.13917;5.03723;132100;461987;52.13917;5.03723;131219;461334;52.14560;5.52647;Maarssen;9
WS-HDSR2019;G1904;Stichtse Vecht;WK190401;Maarssen;BU19040110;Centrum ten zuiden van de Vecht;0333100000016096;WereldKidz Palet (ingang Bolensteinseweg);Pape-van Genderen, C.A.;ChristenUnie;0;131041;461277;52.13917;5.03723;132100;461987;52.13917;5.03723;131219;461334;52.14560;5.52647;Maarssen;9
WS-HDSR2019;G1904;Stichtse Vecht;WK190401;Maarssen;BU19040110;Centrum ten zuiden van de Vecht;0333100000016096;WereldKidz Palet (ingang Bolensteinseweg);Taute, G.;ChristenUnie;0;131041;461277;52.13917;5.03723;132100;461987;52.13917;5.03723;131219;461334;52.14560;5.52647;Maarssen;9
WS-HDSR2019;G1904;Stichtse Vecht;WK190401;Maarssen;BU19040110;Centrum ten zuiden van de Vecht;0333100000016096;WereldKidz Palet (ingang Bolensteinseweg);Meijer, J.H.;ChristenUnie;0;131041;461277;52.13917;5.03723;132100;461987;52.13917;5.03723;131219;461334;52.14560;5.52647;Maarssen;9
WS-HDSR2019;G1904;Stichtse Vecht;WK190401;Maarssen;BU19040110;Centrum ten zuiden van de Vecht;0333100000016096;WereldKidz Palet (ingang Bolensteinseweg);van Dalen-van Hierden, B.;ChristenUnie;0;131041;461277;52.13917;5.03723;132100;461987;52.13917;5.03723;131219;461334;52.14560;5.52647;Maarssen;9
WS-HDSR2019;G1904;Stichtse Vecht;WK190401;Maarssen;BU19040110;Centrum ten zuiden van de Vecht;0333100000016096;WereldKidz Palet (ingang Bolensteinseweg);van der Ven, A.;ChristenUnie;0;131041;461277;52.13917;5.03723;132100;461987;52.13917;5.03723;131219;461334;52.14560;5.52647;Maarssen;9
WS-HDSR2019;G1904;Stichtse Vecht;WK190401;Maarssen;BU19040110;Centrum ten zuiden van de Vecht;0333100000016096;WereldKidz Palet (ingang Bolensteinseweg);van Utrecht, D.;ChristenUnie;0;131041;461277;52.13917;5.03723;132100;461987;52.13917;5.03723;131219;461334;52.14560;5.52647;Maarssen;9
WS-HDSR2019;G1904;Stichtse Vecht;WK190401;Maarssen;BU19040110;Centrum ten zuiden van de Vecht;0333100000016096;WereldKidz Palet (ingang Bolensteinseweg);Lont, B.C.;ChristenUnie;0;131041;461277;52.13917;5.03723;132100;461987;52.13917;5.03723;131219;461334;52.14560;5.52647;Maarssen;9
WS-HDSR2019;G1904;Stichtse Vecht;WK190401;Maarssen;BU19040110;Centrum ten zuiden van de Vecht;0333100000016096;WereldKidz Palet (ingang Bolensteinseweg);Bos, P.W.;ChristenUnie;1;131041;461277;52.13917;5.03723;132100;461987;52.13917;5.03723;131219;461334;52.14560;5.52647;Maarssen;9
WS-HDSR2019;G1904;Stichtse Vecht;WK190401;Maarssen;BU19040110;Centrum ten zuiden van de Vecht;0333100000016096;WereldKidz Palet (ingang Bolensteinseweg);Kool, A.;ChristenUnie;0;131041;461277;52.13917;5.03723;132100;461987;52.13917;5.03723;131219;461334;52.14560;5.52647;Maarssen;9
WS-HDSR2019;G1904;Stichtse Vecht;WK190401;Maarssen;BU19040110;Centrum ten zuiden van de Vecht;0333100000016096;WereldKidz Palet (ingang Bolensteinseweg);Schaddelee, A.J.;ChristenUnie;0;131041;461277;52.13917;5.03723;132100;461987;52.13917;5.03723;131219;461334;52.14560;5.52647;Maarssen;9
WS-HDSR2019;G1904;Stichtse Vecht;WK190401;Maarssen;BU19040110;Centrum ten zuiden van de Vecht;0333100000016096;WereldKidz Palet (ingang Bolensteinseweg);Dieperink, C.;AWP niet politiek, wel deskundig;2;131041;461277;52.13917;5.03723;132100;461987;52.13917;5.03723;131219;461334;52.14560;5.52647;Maarssen;9
WS-HDSR2019;G1904;Stichtse Vecht;WK190401;Maarssen;BU19040110;Centrum ten zuiden van de Vecht;0333100000016096;WereldKidz Palet (ingang Bolensteinseweg);Verweij, J.P.;AWP niet politiek, wel deskundig;0;131041;461277;52.13917;5.03723;132100;461987;52.13917;5.03723;131219;461334;52.14560;5.52647;Maarssen;9
WS-HDSR2019;G1904;Stichtse Vecht;WK190401;Maarssen;BU19040110;Centrum ten zuiden van de Vecht;0333100000016096;WereldKidz Palet (ingang Bolensteinseweg);Moinier, S.;AWP niet politiek, wel deskundig;0;131041;461277;52.13917;5.03723;132100;461987;52.13917;5.03723;131219;461334;52.14560;5.52647;Maarssen;9
WS-HDSR2019;G1904;Stichtse Vecht;WK190401;Maarssen;BU19040110;Centrum ten zuiden van de Vecht;0333100000016096;WereldKidz Palet (ingang Bolensteinseweg);Heidema, A.;AWP niet politiek, wel deskundig;0;131041;461277;52.13917;5.03723;132100;461987;52.13917;5.03723;131219;461334;52.14560;5.52647;Maarssen;9
WS-HDSR2019;G1904;Stichtse Vecht;WK190401;Maarssen;BU19040110;Centrum ten zuiden van de Vecht;0333100000016096;WereldKidz Palet (ingang Bolensteinseweg);Keessen, A.M.;AWP niet politiek, wel deskundig;0;131041;461277;52.13917;5.03723;132100;461987;52.13917;5.03723;131219;461334;52.14560;5.52647;Maarssen;9
WS-HDSR2019;G1904;Stichtse Vecht;WK190401;Maarssen;BU19040110;Centrum ten zuiden van de Vecht;0333100000016096;WereldKidz Palet (ingang Bolensteinseweg);Moor, J.A.P.M.;AWP niet politiek, wel deskundig;0;131041;461277;52.13917;5.03723;132100;461987;52.13917;5.03723;131219;461334;52.14560;5.52647;Maarssen;9
WS-HDSR2019;G1904;Stichtse Vecht;WK190401;Maarssen;BU19040110;Centrum ten zuiden van de Vecht;0333100000016096;WereldKidz Palet (ingang Bolensteinseweg);de Leeuw-Bosch, E.;AWP niet politiek, wel deskundig;0;131041;461277;52.13917;5.03723;132100;461987;52.13917;5.03723;131219;461334;52.14560;5.52647;Maarssen;9
WS-HDSR2019;G1904;Stichtse Vecht;WK190401;Maarssen;BU19040110;Centrum ten zuiden van de Vecht;0333100000016096;WereldKidz Palet (ingang Bolensteinseweg);Koop, S.H.A.;AWP niet politiek, wel deskundig;0;131041;461277;52.13917;5.03723;132100;461987;52.13917;5.03723;131219;461334;52.14560;5.52647;Maarssen;9
WS-HDSR2019;G1904;Stichtse Vecht;WK190401;Maarssen;BU19040110;Centrum ten zuiden van de Vecht;0333100000016096;WereldKidz Palet (ingang Bolensteinseweg);Hiemstra, A.;AWP niet politiek, wel deskundig;0;131041;461277;52.13917;5.03723;132100;461987;52.13917;5.03723;131219;461334;52.14560;5.52647;Maarssen;9
WS-HDSR2019;G1904;Stichtse Vecht;WK190401;Maarssen;BU19040110;Centrum ten zuiden van de Vecht;0333100000016096;WereldKidz Palet (ingang Bolensteinseweg);van der Veen, B.J.;AWP niet politiek, wel deskundig;0;131041;461277;52.13917;5.03723;132100;461987;52.13917;5.03723;131219;461334;52.14560;5.52647;Maarssen;9
WS-HDSR2019;G1904;Stichtse Vecht;WK190401;Maarssen;BU19040110;Centrum ten zuiden van de Vecht;0333100000016096;WereldKidz Palet (ingang Bolensteinseweg);Gilissen, H.K.;AWP niet politiek, wel deskundig;0;131041;461277;52.13917;5.03723;132100;461987;52.13917;5.03723;131219;461334;52.14560;5.52647;Maarssen;9
WS-HDSR2019;G1904;Stichtse Vecht;WK190401;Maarssen;BU19040110;Centrum ten zuiden van de Vecht;0333100000016096;WereldKidz Palet (ingang Bolensteinseweg);van Leeuwen, C.J.;AWP niet politiek, wel deskundig;0;131041;461277;52.13917;5.03723;132100;461987;52.13917;5.03723;131219;461334;52.14560;5.52647;Maarssen;9
WS-HDSR2019;G1904;Stichtse Vecht;WK190401;Maarssen;BU19040110;Centrum ten zuiden van de Vecht;0333100000016096;WereldKidz Palet (ingang Bolensteinseweg);Jansen, A. E.;AWP niet politiek, wel deskundig;0;131041;461277;52.13917;5.03723;132100;461987;52.13917;5.03723;131219;461334;52.14560;5.52647;Maarssen;9
WS-HDSR2019;G1904;Stichtse Vecht;WK190401;Maarssen;BU19040110;Centrum ten zuiden van de Vecht;0333100000016096;WereldKidz Palet (ingang Bolensteinseweg);van Os, F.;Staatkundig Gereformeerde Partij (SGP);0;131041;461277;52.13917;5.03723;132100;461987;52.13917;5.03723;131219;461334;52.14560;5.52647;Maarssen;9
WS-HDSR2019;G1904;Stichtse Vecht;WK190401;Maarssen;BU19040110;Centrum ten zuiden van de Vecht;0333100000016096;WereldKidz Palet (ingang Bolensteinseweg);van Zetten, J.N.;Staatkundig Gereformeerde Partij (SGP);0;131041;461277;52.13917;5.03723;132100;461987;52.13917;5.03723;131219;461334;52.14560;5.52647;Maarssen;9
WS-HDSR2019;G1904;Stichtse Vecht;WK190401;Maarssen;BU19040110;Centrum ten zuiden van de Vecht;0333100000016096;WereldKidz Palet (ingang Bolensteinseweg);van der Wind, J.J.;Staatkundig Gereformeerde Partij (SGP);0;131041;461277;52.13917;5.03723;132100;461987;52.13917;5.03723;131219;461334;52.14560;5.52647;Maarssen;9
WS-HDSR2019;G1904;Stichtse Vecht;WK190401;Maarssen;BU19040110;Centrum ten zuiden van de Vecht;0333100000016096;WereldKidz Palet (ingang Bolensteinseweg);Verweij, K.C.;Staatkundig Gereformeerde Partij (SGP);0;131041;461277;52.13917;5.03723;132100;461987;52.13917;5.03723;131219;461334;52.14560;5.52647;Maarssen;9
WS-HDSR2019;G1904;Stichtse Vecht;WK190401;Maarssen;BU19040110;Centrum ten zuiden van de Vecht;0333100000016096;WereldKidz Palet (ingang Bolensteinseweg);van Leeuwen, G.;Staatkundig Gereformeerde Partij (SGP);0;131041;461277;52.13917;5.03723;132100;461987;52.13917;5.03723;131219;461334;52.14560;5.52647;Maarssen;9
WS-HDSR2019;G1904;Stichtse Vecht;WK190401;Maarssen;BU19040110;Centrum ten zuiden van de Vecht;0333100000016096;WereldKidz Palet (ingang Bolensteinseweg);de Groot, L.;Staatkundig Gereformeerde Partij (SGP);0;131041;461277;52.13917;5.03723;132100;461987;52.13917;5.03723;131219;461334;52.14560;5.52647;Maarssen;9
WS-HDSR2019;G1904;Stichtse Vecht;WK190401;Maarssen;BU19040110;Centrum ten zuiden van de Vecht;0333100000016096;WereldKidz Palet (ingang Bolensteinseweg);Boonzaaijer, G.;Staatkundig Gereformeerde Partij (SGP);0;131041;461277;52.13917;5.03723;132100;461987;52.13917;5.03723;131219;461334;52.14560;5.52647;Maarssen;9
WS-HDSR2019;G1904;Stichtse Vecht;WK190401;Maarssen;BU19040110;Centrum ten zuiden van de Vecht;0333100000016096;WereldKidz Palet (ingang Bolensteinseweg);Broere, J.;Staatkundig Gereformeerde Partij (SGP);0;131041;461277;52.13917;5.03723;132100;461987;52.13917;5.03723;131219;461334;52.14560;5.52647;Maarssen;9
WS-HDSR2019;G1904;Stichtse Vecht;WK190401;Maarssen;BU19040110;Centrum ten zuiden van de Vecht;0333100000016096;WereldKidz Palet (ingang Bolensteinseweg);Marchal, J.;Staatkundig Gereformeerde Partij (SGP);0;131041;461277;52.13917;5.03723;132100;461987;52.13917;5.03723;131219;461334;52.14560;5.52647;Maarssen;9
WS-HDSR2019;G1904;Stichtse Vecht;WK190401;Maarssen;BU19040110;Centrum ten zuiden van de Vecht;0333100000016096;WereldKidz Palet (ingang Bolensteinseweg);van Woudenberg, J.;Staatkundig Gereformeerde Partij (SGP);0;131041;461277;52.13917;5.03723;132100;461987;52.13917;5.03723;131219;461334;52.14560;5.52647;Maarssen;9
WS-HDSR2019;G1904;Stichtse Vecht;WK190401;Maarssen;BU19040110;Centrum ten zuiden van de Vecht;0333100000016096;WereldKidz Palet (ingang Bolensteinseweg);Verduijn, A.;Staatkundig Gereformeerde Partij (SGP);0;131041;461277;52.13917;5.03723;132100;461987;52.13917;5.03723;131219;461334;52.14560;5.52647;Maarssen;9
WS-HDSR2019;G1904;Stichtse Vecht;WK190401;Maarssen;BU19040110;Centrum ten zuiden van de Vecht;0333100000016096;WereldKidz Palet (ingang Bolensteinseweg);Rijneveld, C.;Staatkundig Gereformeerde Partij (SGP);0;131041;461277;52.13917;5.03723;132100;461987;52.13917;5.03723;131219;461334;52.14560;5.52647;Maarssen;9
WS-HDSR2019;G1904;Stichtse Vecht;WK190401;Maarssen;BU19040110;Centrum ten zuiden van de Vecht;0333100000016096;WereldKidz Palet (ingang Bolensteinseweg);Doornenbal, G.;Staatkundig Gereformeerde Partij (SGP);0;131041;461277;52.13917;5.03723;132100;461987;52.13917;5.03723;131219;461334;52.14560;5.52647;Maarssen;9
WS-HDSR2019;G1904;Stichtse Vecht;WK190401;Maarssen;BU19040110;Centrum ten zuiden van de Vecht;0333100000016096;WereldKidz Palet (ingang Bolensteinseweg);van Vulpen, C.;Staatkundig Gereformeerde Partij (SGP);0;131041;461277;52.13917;5.03723;132100;461987;52.13917;5.03723;131219;461334;52.14560;5.52647;Maarssen;9
WS-HDSR2019;G1904;Stichtse Vecht;WK190401;Maarssen;BU19040110;Centrum ten zuiden van de Vecht;0333100000016096;WereldKidz Palet (ingang Bolensteinseweg);Benschop, J.W.;Staatkundig Gereformeerde Partij (SGP);0;131041;461277;52.13917;5.03723;132100;461987;52.13917;5.03723;131219;461334;52.14560;5.52647;Maarssen;9
WS-HDSR2019;G1904;Stichtse Vecht;WK190401;Maarssen;BU19040110;Centrum ten zuiden van de Vecht;0333100000016096;WereldKidz Palet (ingang Bolensteinseweg);van den Hoek, R.P.J.J.;50PLUS;0;131041;461277;52.13917;5.03723;132100;461987;52.13917;5.03723;131219;461334;52.14560;5.52647;Maarssen;9
WS-HDSR2019;G1904;Stichtse Vecht;WK190401;Maarssen;BU19040110;Centrum ten zuiden van de Vecht;0333100000016096;WereldKidz Palet (ingang Bolensteinseweg);Schalkwijk, G.M.;50PLUS;0;131041;461277;52.13917;5.03723;132100;461987;52.13917;5.03723;131219;461334;52.14560;5.52647;Maarssen;9
WS-HDSR2019;G1904;Stichtse Vecht;WK190401;Maarssen;BU19040110;Centrum ten zuiden van de Vecht;0333100000016096;WereldKidz Palet (ingang Bolensteinseweg);de Mol, S.A.;50PLUS;1;131041;461277;52.13917;5.03723;132100;461987;52.13917;5.03723;131219;461334;52.14560;5.52647;Maarssen;9
WS-HDSR2019;G1904;Stichtse Vecht;WK190401;Maarssen;BU19040110;Centrum ten zuiden van de Vecht;0333100000016096;WereldKidz Palet (ingang Bolensteinseweg);Schifferling, J.H.;50PLUS;0;131041;461277;52.13917;5.03723;132100;461987;52.13917;5.03723;131219;461334;52.14560;5.52647;Maarssen;9
WS-HDSR2019;G1904;Stichtse Vecht;WK190401;Maarssen;BU19040110;Centrum ten zuiden van de Vecht;0333100000016096;WereldKidz Palet (ingang Bolensteinseweg);Cornelissen, M.P.J.;50PLUS;0;131041;461277;52.13917;5.03723;132100;461987;52.13917;5.03723;131219;461334;52.14560;5.52647;Maarssen;9
WS-HDSR2019;G1904;Stichtse Vecht;WK190401;Maarssen;BU19040110;Centrum ten zuiden van de Vecht;0333100000016096;WereldKidz Palet (ingang Bolensteinseweg);Postma, R.;50PLUS;0;131041;461277;52.13917;5.03723;132100;461987;52.13917;5.03723;131219;461334;52.14560;5.52647;Maarssen;9
WS-HDSR2019;G1904;Stichtse Vecht;WK190412;Maarssenbroek;BU19041209;Bloemstede;0333100000016357;"KBS ""De Wilde Wingerd""";Otterman, J.A.;Water Natuurlijk;108;130646;459853;52.12635;5.03156;130202;460563;52.12635;5.03156;130699;459932;52.13271;5.25024;Maarssen;10
WS-HDSR2019;G1904;Stichtse Vecht;WK190412;Maarssenbroek;BU19041209;Bloemstede;0333100000016357;"KBS ""De Wilde Wingerd""";Jansen, M.L.E.;Water Natuurlijk;1;130646;459853;52.12635;5.03156;130202;460563;52.12635;5.03156;130699;459932;52.13271;5.25024;Maarssen;10
WS-HDSR2019;G1904;Stichtse Vecht;WK190412;Maarssenbroek;BU19041209;Bloemstede;0333100000016357;"KBS ""De Wilde Wingerd""";van der Heijden, J.;Water Natuurlijk;1;130646;459853;52.12635;5.03156;130202;460563;52.12635;5.03156;130699;459932;52.13271;5.25024;Maarssen;10
WS-HDSR2019;G1904;Stichtse Vecht;WK190412;Maarssenbroek;BU19041209;Bloemstede;0333100000016357;"KBS ""De Wilde Wingerd""";Oskam, G.A.;Water Natuurlijk;18;130646;459853;52.12635;5.03156;130202;460563;52.12635;5.03156;130699;459932;52.13271;5.25024;Maarssen;10
WS-HDSR2019;G1904;Stichtse Vecht;WK190412;Maarssenbroek;BU19041209;Bloemstede;0333100000016357;"KBS ""De Wilde Wingerd""";van der Molen, D.T.;Water Natuurlijk;6;130646;459853;52.12635;5.03156;130202;460563;52.12635;5.03156;130699;459932;52.13271;5.25024;Maarssen;10
WS-HDSR2019;G1904;Stichtse Vecht;WK190412;Maarssenbroek;BU19041209;Bloemstede;0333100000016357;"KBS ""De Wilde Wingerd""";Dekker-Groen, A.M.;Water Natuurlijk;2;130646;459853;52.12635;5.03156;130202;460563;52.12635;5.03156;130699;459932;52.13271;5.25024;Maarssen;10
WS-HDSR2019;G1904;Stichtse Vecht;WK190412;Maarssenbroek;BU19041209;Bloemstede;0333100000016357;"KBS ""De Wilde Wingerd""";van Dam, H.A.;Water Natuurlijk;2;130646;459853;52.12635;5.03156;130202;460563;52.12635;5.03156;130699;459932;52.13271;5.25024;Maarssen;10
WS-HDSR2019;G1904;Stichtse Vecht;WK190412;Maarssenbroek;BU19041209;Bloemstede;0333100000016357;"KBS ""De Wilde Wingerd""";de Boer, R.A.;Water Natuurlijk;1;130646;459853;52.12635;5.03156;130202;460563;52.12635;5.03156;130699;459932;52.13271;5.25024;Maarssen;10
WS-HDSR2019;G1904;Stichtse Vecht;WK190412;Maarssenbroek;BU19041209;Bloemstede;0333100000016357;"KBS ""De Wilde Wingerd""";van Berckel, A.R.M.;Water Natuurlijk;3;130646;459853;52.12635;5.03156;130202;460563;52.12635;5.03156;130699;459932;52.13271;5.25024;Maarssen;10
WS-HDSR2019;G1904;Stichtse Vecht;WK190412;Maarssenbroek;BU19041209;Bloemstede;0333100000016357;"KBS ""De Wilde Wingerd""";ten Heuw, E.W.;Water Natuurlijk;0;130646;459853;52.12635;5.03156;130202;460563;52.12635;5.03156;130699;459932;52.13271;5.25024;Maarssen;10
WS-HDSR2019;G1904;Stichtse Vecht;WK190412;Maarssenbroek;BU19041209;Bloemstede;0333100000016357;"KBS ""De Wilde Wingerd""";van der Wal, R.L.;Water Natuurlijk;0;130646;459853;52.12635;5.03156;130202;460563;52.12635;5.03156;130699;459932;52.13271;5.25024;Maarssen;10
WS-HDSR2019;G1904;Stichtse Vecht;WK190412;Maarssenbroek;BU19041209;Bloemstede;0333100000016357;"KBS ""De Wilde Wingerd""";Kortekaas, M.L.;Water Natuurlijk;1;130646;459853;52.12635;5.03156;130202;460563;52.12635;5.03156;130699;459932;52.13271;5.25024;Maarssen;10
WS-HDSR2019;G1904;Stichtse Vecht;WK190412;Maarssenbroek;BU19041209;Bloemstede;0333100000016357;"KBS ""De Wilde Wingerd""";Boerkamp, J.G.;Water Natuurlijk;0;130646;459853;52.12635;5.03156;130202;460563;52.12635;5.03156;130699;459932;52.13271;5.25024;Maarssen;10
WS-HDSR2019;G1904;Stichtse Vecht;WK190412;Maarssenbroek;BU19041209;Bloemstede;0333100000016357;"KBS ""De Wilde Wingerd""";Nobel, A.C.;Water Natuurlijk;0;130646;459853;52.12635;5.03156;130202;460563;52.12635;5.03156;130699;459932;52.13271;5.25024;Maarssen;10
WS-HDSR2019;G1904;Stichtse Vecht;WK190412;Maarssenbroek;BU19041209;Bloemstede;0333100000016357;"KBS ""De Wilde Wingerd""";Kingma, J.H.;Water Natuurlijk;0;130646;459853;52.12635;5.03156;130202;460563;52.12635;5.03156;130699;459932;52.13271;5.25024;Maarssen;10
WS-HDSR2019;G1904;Stichtse Vecht;WK190412;Maarssenbroek;BU19041209;Bloemstede;0333100000016357;"KBS ""De Wilde Wingerd""";Aulich, K.M.;Water Natuurlijk;0;130646;459853;52.12635;5.03156;130202;460563;52.12635;5.03156;130699;459932;52.13271;5.25024;Maarssen;10
WS-HDSR2019;G1904;Stichtse Vecht;WK190412;Maarssenbroek;BU19041209;Bloemstede;0333100000016357;"KBS ""De Wilde Wingerd""";Veldboer, S.J.H.M.;Water Natuurlijk;0;130646;459853;52.12635;5.03156;130202;460563;52.12635;5.03156;130699;459932;52.13271;5.25024;Maarssen;10
WS-HDSR2019;G1904;Stichtse Vecht;WK190412;Maarssenbroek;BU19041209;Bloemstede;0333100000016357;"KBS ""De Wilde Wingerd""";Bijker, W.H.;Water Natuurlijk;0;130646;459853;52.12635;5.03156;130202;460563;52.12635;5.03156;130699;459932;52.13271;5.25024;Maarssen;10
WS-HDSR2019;G1904;Stichtse Vecht;WK190412;Maarssenbroek;BU19041209;Bloemstede;0333100000016357;"KBS ""De Wilde Wingerd""";Tigchelhoff, A.;Water Natuurlijk;0;130646;459853;52.12635;5.03156;130202;460563;52.12635;5.03156;130699;459932;52.13271;5.25024;Maarssen;10
WS-HDSR2019;G1904;Stichtse Vecht;WK190412;Maarssenbroek;BU19041209;Bloemstede;0333100000016357;"KBS ""De Wilde Wingerd""";Kloppenborg, J.F.M.;Water Natuurlijk;1;130646;459853;52.12635;5.03156;130202;460563;52.12635;5.03156;130699;459932;52.13271;5.25024;Maarssen;10
WS-HDSR2019;G1904;Stichtse Vecht;WK190412;Maarssenbroek;BU19041209;Bloemstede;0333100000016357;"KBS ""De Wilde Wingerd""";Goedvolk, P.A.M.;Water Natuurlijk;0;130646;459853;52.12635;5.03156;130202;460563;52.12635;5.03156;130699;459932;52.13271;5.25024;Maarssen;10
WS-HDSR2019;G1904;Stichtse Vecht;WK190412;Maarssenbroek;BU19041209;Bloemstede;0333100000016357;"KBS ""De Wilde Wingerd""";Ket, P.C.;Water Natuurlijk;0;130646;459853;52.12635;5.03156;130202;460563;52.12635;5.03156;130699;459932;52.13271;5.25024;Maarssen;10
WS-HDSR2019;G1904;Stichtse Vecht;WK190412;Maarssenbroek;BU19041209;Bloemstede;0333100000016357;"KBS ""De Wilde Wingerd""";Gnodde, M.W.J.;Water Natuurlijk;0;130646;459853;52.12635;5.03156;130202;460563;52.12635;5.03156;130699;459932;52.13271;5.25024;Maarssen;10
WS-HDSR2019;G1904;Stichtse Vecht;WK190412;Maarssenbroek;BU19041209;Bloemstede;0333100000016357;"KBS ""De Wilde Wingerd""";Zandvliet, H.C.A.;Water Natuurlijk;0;130646;459853;52.12635;5.03156;130202;460563;52.12635;5.03156;130699;459932;52.13271;5.25024;Maarssen;10
WS-HDSR2019;G1904;Stichtse Vecht;WK190412;Maarssenbroek;BU19041209;Bloemstede;0333100000016357;"KBS ""De Wilde Wingerd""";Karelse, J.J.H.G.D.;Water Natuurlijk;0;130646;459853;52.12635;5.03156;130202;460563;52.12635;5.03156;130699;459932;52.13271;5.25024;Maarssen;10
WS-HDSR2019;G1904;Stichtse Vecht;WK190412;Maarssenbroek;BU19041209;Bloemstede;0333100000016357;"KBS ""De Wilde Wingerd""";Schuhmacher, T.;Water Natuurlijk;34;130646;459853;52.12635;5.03156;130202;460563;52.12635;5.03156;130699;459932;52.13271;5.25024;Maarssen;10
WS-HDSR2019;G1904;Stichtse Vecht;WK190412;Maarssenbroek;BU19041209;Bloemstede;0333100000016357;"KBS ""De Wilde Wingerd""";Dirkse, F.R.;Water Natuurlijk;0;130646;459853;52.12635;5.03156;130202;460563;52.12635;5.03156;130699;459932;52.13271;5.25024;Maarssen;10
WS-HDSR2019;G1904;Stichtse Vecht;WK190412;Maarssenbroek;BU19041209;Bloemstede;0333100000016357;"KBS ""De Wilde Wingerd""";Hoogeveen, H.J.;Water Natuurlijk;1;130646;459853;52.12635;5.03156;130202;460563;52.12635;5.03156;130699;459932;52.13271;5.25024;Maarssen;10
WS-HDSR2019;G1904;Stichtse Vecht;WK190412;Maarssenbroek;BU19041209;Bloemstede;0333100000016357;"KBS ""De Wilde Wingerd""";Langenbach, J.W.H.;Water Natuurlijk;0;130646;459853;52.12635;5.03156;130202;460563;52.12635;5.03156;130699;459932;52.13271;5.25024;Maarssen;10
WS-HDSR2019;G1904;Stichtse Vecht;WK190412;Maarssenbroek;BU19041209;Bloemstede;0333100000016357;"KBS ""De Wilde Wingerd""";Boot, J.L.J.;Water Natuurlijk;0;130646;459853;52.12635;5.03156;130202;460563;52.12635;5.03156;130699;459932;52.13271;5.25024;Maarssen;10
WS-HDSR2019;G1904;Stichtse Vecht;WK190412;Maarssenbroek;BU19041209;Bloemstede;0333100000016357;"KBS ""De Wilde Wingerd""";van der Vorm-Gouman, E.;Water Natuurlijk;0;130646;459853;52.12635;5.03156;130202;460563;52.12635;5.03156;130699;459932;52.13271;5.25024;Maarssen;10
WS-HDSR2019;G1904;Stichtse Vecht;WK190412;Maarssenbroek;BU19041209;Bloemstede;0333100000016357;"KBS ""De Wilde Wingerd""";Jansen, G.J.P.;Water Natuurlijk;0;130646;459853;52.12635;5.03156;130202;460563;52.12635;5.03156;130699;459932;52.13271;5.25024;Maarssen;10
WS-HDSR2019;G1904;Stichtse Vecht;WK190412;Maarssenbroek;BU19041209;Bloemstede;0333100000016357;"KBS ""De Wilde Wingerd""";Becht, G.F.;Water Natuurlijk;0;130646;459853;52.12635;5.03156;130202;460563;52.12635;5.03156;130699;459932;52.13271;5.25024;Maarssen;10
WS-HDSR2019;G1904;Stichtse Vecht;WK190412;Maarssenbroek;BU19041209;Bloemstede;0333100000016357;"KBS ""De Wilde Wingerd""";van Oostenbrugge, R.;Water Natuurlijk;0;130646;459853;52.12635;5.03156;130202;460563;52.12635;5.03156;130699;459932;52.13271;5.25024;Maarssen;10
WS-HDSR2019;G1904;Stichtse Vecht;WK190412;Maarssenbroek;BU19041209;Bloemstede;0333100000016357;"KBS ""De Wilde Wingerd""";de Jonge, P.C.;Water Natuurlijk;0;130646;459853;52.12635;5.03156;130202;460563;52.12635;5.03156;130699;459932;52.13271;5.25024;Maarssen;10
WS-HDSR2019;G1904;Stichtse Vecht;WK190412;Maarssenbroek;BU19041209;Bloemstede;0333100000016357;"KBS ""De Wilde Wingerd""";Naber, J.M.L.;Water Natuurlijk;0;130646;459853;52.12635;5.03156;130202;460563;52.12635;5.03156;130699;459932;52.13271;5.25024;Maarssen;10
WS-HDSR2019;G1904;Stichtse Vecht;WK190412;Maarssenbroek;BU19041209;Bloemstede;0333100000016357;"KBS ""De Wilde Wingerd""";Duindam, J.I.M.;Water Natuurlijk;0;130646;459853;52.12635;5.03156;130202;460563;52.12635;5.03156;130699;459932;52.13271;5.25024;Maarssen;10
WS-HDSR2019;G1904;Stichtse Vecht;WK190412;Maarssenbroek;BU19041209;Bloemstede;0333100000016357;"KBS ""De Wilde Wingerd""";Lintmeijer, F.C.W.C.;Water Natuurlijk;0;130646;459853;52.12635;5.03156;130202;460563;52.12635;5.03156;130699;459932;52.13271;5.25024;Maarssen;10
WS-HDSR2019;G1904;Stichtse Vecht;WK190412;Maarssenbroek;BU19041209;Bloemstede;0333100000016357;"KBS ""De Wilde Wingerd""";Koster-Dreese, Y.;Water Natuurlijk;0;130646;459853;52.12635;5.03156;130202;460563;52.12635;5.03156;130699;459932;52.13271;5.25024;Maarssen;10
WS-HDSR2019;G1904;Stichtse Vecht;WK190412;Maarssenbroek;BU19041209;Bloemstede;0333100000016357;"KBS ""De Wilde Wingerd""";Beugelink, G.P.;Water Natuurlijk;0;130646;459853;52.12635;5.03156;130202;460563;52.12635;5.03156;130699;459932;52.13271;5.25024;Maarssen;10
WS-HDSR2019;G1904;Stichtse Vecht;WK190412;Maarssenbroek;BU19041209;Bloemstede;0333100000016357;"KBS ""De Wilde Wingerd""";van Essen, H.P.;Water Natuurlijk;0;130646;459853;52.12635;5.03156;130202;460563;52.12635;5.03156;130699;459932;52.13271;5.25024;Maarssen;10
WS-HDSR2019;G1904;Stichtse Vecht;WK190412;Maarssenbroek;BU19041209;Bloemstede;0333100000016357;"KBS ""De Wilde Wingerd""";Snoeren, P.W.M.;Water Natuurlijk;0;130646;459853;52.12635;5.03156;130202;460563;52.12635;5.03156;130699;459932;52.13271;5.25024;Maarssen;10
WS-HDSR2019;G1904;Stichtse Vecht;WK190412;Maarssenbroek;BU19041209;Bloemstede;0333100000016357;"KBS ""De Wilde Wingerd""";Groenendijk, S.;VVD;67;130646;459853;52.12635;5.03156;130202;460563;52.12635;5.03156;130699;459932;52.13271;5.25024;Maarssen;10
WS-HDSR2019;G1904;Stichtse Vecht;WK190412;Maarssenbroek;BU19041209;Bloemstede;0333100000016357;"KBS ""De Wilde Wingerd""";van der Sterre, P.J.;VVD;1;130646;459853;52.12635;5.03156;130202;460563;52.12635;5.03156;130699;459932;52.13271;5.25024;Maarssen;10
WS-HDSR2019;G1904;Stichtse Vecht;WK190412;Maarssenbroek;BU19041209;Bloemstede;0333100000016357;"KBS ""De Wilde Wingerd""";Eijsbroek, N.;VVD;3;130646;459853;52.12635;5.03156;130202;460563;52.12635;5.03156;130699;459932;52.13271;5.25024;Maarssen;10
WS-HDSR2019;G1904;Stichtse Vecht;WK190412;Maarssenbroek;BU19041209;Bloemstede;0333100000016357;"KBS ""De Wilde Wingerd""";van Winden, A.J.;VVD;1;130646;459853;52.12635;5.03156;130202;460563;52.12635;5.03156;130699;459932;52.13271;5.25024;Maarssen;10
WS-HDSR2019;G1904;Stichtse Vecht;WK190412;Maarssenbroek;BU19041209;Bloemstede;0333100000016357;"KBS ""De Wilde Wingerd""";van Baaren, J.;VVD;0;130646;459853;52.12635;5.03156;130202;460563;52.12635;5.03156;130699;459932;52.13271;5.25024;Maarssen;10
WS-HDSR2019;G1904;Stichtse Vecht;WK190412;Maarssenbroek;BU19041209;Bloemstede;0333100000016357;"KBS ""De Wilde Wingerd""";Kapper, S.R.;VVD;0;130646;459853;52.12635;5.03156;130202;460563;52.12635;5.03156;130699;459932;52.13271;5.25024;Maarssen;10
WS-HDSR2019;G1904;Stichtse Vecht;WK190412;Maarssenbroek;BU19041209;Bloemstede;0333100000016357;"KBS ""De Wilde Wingerd""";Michielsen, P.F.M.;VVD;0;130646;459853;52.12635;5.03156;130202;460563;52.12635;5.03156;130699;459932;52.13271;5.25024;Maarssen;10
WS-HDSR2019;G1904;Stichtse Vecht;WK190412;Maarssenbroek;BU19041209;Bloemstede;0333100000016357;"KBS ""De Wilde Wingerd""";Trapman, E.G.J.H.;VVD;0;130646;459853;52.12635;5.03156;130202;460563;52.12635;5.03156;130699;459932;52.13271;5.25024;Maarssen;10
WS-HDSR2019;G1904;Stichtse Vecht;WK190412;Maarssenbroek;BU19041209;Bloemstede;0333100000016357;"KBS ""De Wilde Wingerd""";de Jong, B.;CDA;22;130646;459853;52.12635;5.03156;130202;460563;52.12635;5.03156;130699;459932;52.13271;5.25024;Maarssen;10
WS-HDSR2019;G1904;Stichtse Vecht;WK190412;Maarssenbroek;BU19041209;Bloemstede;0333100000016357;"KBS ""De Wilde Wingerd""";Sommer-de Vries, K.H.;CDA;12;130646;459853;52.12635;5.03156;130202;460563;52.12635;5.03156;130699;459932;52.13271;5.25024;Maarssen;10
WS-HDSR2019;G1904;Stichtse Vecht;WK190412;Maarssenbroek;BU19041209;Bloemstede;0333100000016357;"KBS ""De Wilde Wingerd""";Droogers, J.A.G.W.;CDA;2;130646;459853;52.12635;5.03156;130202;460563;52.12635;5.03156;130699;459932;52.13271;5.25024;Maarssen;10
WS-HDSR2019;G1904;Stichtse Vecht;WK190412;Maarssenbroek;BU19041209;Bloemstede;0333100000016357;"KBS ""De Wilde Wingerd""";Bakker, P.J.I.;CDA;0;130646;459853;52.12635;5.03156;130202;460563;52.12635;5.03156;130699;459932;52.13271;5.25024;Maarssen;10
WS-HDSR2019;G1904;Stichtse Vecht;WK190412;Maarssenbroek;BU19041209;Bloemstede;0333100000016357;"KBS ""De Wilde Wingerd""";de Roos, T.L.;CDA;0;130646;459853;52.12635;5.03156;130202;460563;52.12635;5.03156;130699;459932;52.13271;5.25024;Maarssen;10
WS-HDSR2019;G1904;Stichtse Vecht;WK190412;Maarssenbroek;BU19041209;Bloemstede;0333100000016357;"KBS ""De Wilde Wingerd""";Roorda, F.A.;CDA;0;130646;459853;52.12635;5.03156;130202;460563;52.12635;5.03156;130699;459932;52.13271;5.25024;Maarssen;10
WS-HDSR2019;G1904;Stichtse Vecht;WK190412;Maarssenbroek;BU19041209;Bloemstede;0333100000016357;"KBS ""De Wilde Wingerd""";Adriani-Wempe, H.J.;CDA;0;130646;459853;52.12635;5.03156;130202;460563;52.12635;5.03156;130699;459932;52.13271;5.25024;Maarssen;10
WS-HDSR2019;G1904;Stichtse Vecht;WK190412;Maarssenbroek;BU19041209;Bloemstede;0333100000016357;"KBS ""De Wilde Wingerd""";Verbij, A.L.G.;CDA;0;130646;459853;52.12635;5.03156;130202;460563;52.12635;5.03156;130699;459932;52.13271;5.25024;Maarssen;10
WS-HDSR2019;G1904;Stichtse Vecht;WK190412;Maarssenbroek;BU19041209;Bloemstede;0333100000016357;"KBS ""De Wilde Wingerd""";van Arendonk, L.A.A.M.;CDA;0;130646;459853;52.12635;5.03156;130202;460563;52.12635;5.03156;130699;459932;52.13271;5.25024;Maarssen;10
WS-HDSR2019;G1904;Stichtse Vecht;WK190412;Maarssenbroek;BU19041209;Bloemstede;0333100000016357;"KBS ""De Wilde Wingerd""";van Petersen, H.G.J.;CDA;0;130646;459853;52.12635;5.03156;130202;460563;52.12635;5.03156;130699;459932;52.13271;5.25024;Maarssen;10
WS-HDSR2019;G1904;Stichtse Vecht;WK190412;Maarssenbroek;BU19041209;Bloemstede;0333100000016357;"KBS ""De Wilde Wingerd""";Vinkenburg, J.H.W.M.;CDA;0;130646;459853;52.12635;5.03156;130202;460563;52.12635;5.03156;130699;459932;52.13271;5.25024;Maarssen;10
WS-HDSR2019;G1904;Stichtse Vecht;WK190412;Maarssenbroek;BU19041209;Bloemstede;0333100000016357;"KBS ""De Wilde Wingerd""";van der Spek, W.J.;CDA;0;130646;459853;52.12635;5.03156;130202;460563;52.12635;5.03156;130699;459932;52.13271;5.25024;Maarssen;10
WS-HDSR2019;G1904;Stichtse Vecht;WK190412;Maarssenbroek;BU19041209;Bloemstede;0333100000016357;"KBS ""De Wilde Wingerd""";de Regt, A.M.;CDA;0;130646;459853;52.12635;5.03156;130202;460563;52.12635;5.03156;130699;459932;52.13271;5.25024;Maarssen;10
WS-HDSR2019;G1904;Stichtse Vecht;WK190412;Maarssenbroek;BU19041209;Bloemstede;0333100000016357;"KBS ""De Wilde Wingerd""";Overbeek, K.B.J.;CDA;11;130646;459853;52.12635;5.03156;130202;460563;52.12635;5.03156;130699;459932;52.13271;5.25024;Maarssen;10
WS-HDSR2019;G1904;Stichtse Vecht;WK190412;Maarssenbroek;BU19041209;Bloemstede;0333100000016357;"KBS ""De Wilde Wingerd""";Jonkers, C.A.;CDA;0;130646;459853;52.12635;5.03156;130202;460563;52.12635;5.03156;130699;459932;52.13271;5.25024;Maarssen;10
WS-HDSR2019;G1904;Stichtse Vecht;WK190412;Maarssenbroek;BU19041209;Bloemstede;0333100000016357;"KBS ""De Wilde Wingerd""";Bunnik, R.P.;CDA;0;130646;459853;52.12635;5.03156;130202;460563;52.12635;5.03156;130699;459932;52.13271;5.25024;Maarssen;10
WS-HDSR2019;G1904;Stichtse Vecht;WK190412;Maarssenbroek;BU19041209;Bloemstede;0333100000016357;"KBS ""De Wilde Wingerd""";van der Honing, H.;CDA;0;130646;459853;52.12635;5.03156;130202;460563;52.12635;5.03156;130699;459932;52.13271;5.25024;Maarssen;10
WS-HDSR2019;G1904;Stichtse Vecht;WK190412;Maarssenbroek;BU19041209;Bloemstede;0333100000016357;"KBS ""De Wilde Wingerd""";Keestra, J.M.;CDA;0;130646;459853;52.12635;5.03156;130202;460563;52.12635;5.03156;130699;459932;52.13271;5.25024;Maarssen;10
WS-HDSR2019;G1904;Stichtse Vecht;WK190412;Maarssenbroek;BU19041209;Bloemstede;0333100000016357;"KBS ""De Wilde Wingerd""";van Wijk, W.A.M.;CDA;0;130646;459853;52.12635;5.03156;130202;460563;52.12635;5.03156;130699;459932;52.13271;5.25024;Maarssen;10
WS-HDSR2019;G1904;Stichtse Vecht;WK190412;Maarssenbroek;BU19041209;Bloemstede;0333100000016357;"KBS ""De Wilde Wingerd""";Vernie, L.N.;CDA;0;130646;459853;52.12635;5.03156;130202;460563;52.12635;5.03156;130699;459932;52.13271;5.25024;Maarssen;10
WS-HDSR2019;G1904;Stichtse Vecht;WK190412;Maarssenbroek;BU19041209;Bloemstede;0333100000016357;"KBS ""De Wilde Wingerd""";Tiggeloven, A.B.M.;CDA;0;130646;459853;52.12635;5.03156;130202;460563;52.12635;5.03156;130699;459932;52.13271;5.25024;Maarssen;10
WS-HDSR2019;G1904;Stichtse Vecht;WK190412;Maarssenbroek;BU19041209;Bloemstede;0333100000016357;"KBS ""De Wilde Wingerd""";Muijs, A.J.A.;CDA;0;130646;459853;52.12635;5.03156;130202;460563;52.12635;5.03156;130699;459932;52.13271;5.25024;Maarssen;10
WS-HDSR2019;G1904;Stichtse Vecht;WK190412;Maarssenbroek;BU19041209;Bloemstede;0333100000016357;"KBS ""De Wilde Wingerd""";van Kippersluis, F.P.;CDA;0;130646;459853;52.12635;5.03156;130202;460563;52.12635;5.03156;130699;459932;52.13271;5.25024;Maarssen;10
WS-HDSR2019;G1904;Stichtse Vecht;WK190412;Maarssenbroek;BU19041209;Bloemstede;0333100000016357;"KBS ""De Wilde Wingerd""";Migchels, G.;CDA;0;130646;459853;52.12635;5.03156;130202;460563;52.12635;5.03156;130699;459932;52.13271;5.25024;Maarssen;10
WS-HDSR2019;G1904;Stichtse Vecht;WK190412;Maarssenbroek;BU19041209;Bloemstede;0333100000016357;"KBS ""De Wilde Wingerd""";Baars, J.G.;CDA;0;130646;459853;52.12635;5.03156;130202;460563;52.12635;5.03156;130699;459932;52.13271;5.25024;Maarssen;10
WS-HDSR2019;G1904;Stichtse Vecht;WK190412;Maarssenbroek;BU19041209;Bloemstede;0333100000016357;"KBS ""De Wilde Wingerd""";Blom-Oosterhoff, R.C.;CDA;0;130646;459853;52.12635;5.03156;130202;460563;52.12635;5.03156;130699;459932;52.13271;5.25024;Maarssen;10
WS-HDSR2019;G1904;Stichtse Vecht;WK190412;Maarssenbroek;BU19041209;Bloemstede;0333100000016357;"KBS ""De Wilde Wingerd""";Jansen op de Haar, C.G.;Partij van de Arbeid (P.v.d.A.);43;130646;459853;52.12635;5.03156;130202;460563;52.12635;5.03156;130699;459932;52.13271;5.25024;Maarssen;10
WS-HDSR2019;G1904;Stichtse Vecht;WK190412;Maarssenbroek;BU19041209;Bloemstede;0333100000016357;"KBS ""De Wilde Wingerd""";van Zoelen, N.M.;Partij van de Arbeid (P.v.d.A.);13;130646;459853;52.12635;5.03156;130202;460563;52.12635;5.03156;130699;459932;52.13271;5.25024;Maarssen;10
WS-HDSR2019;G1904;Stichtse Vecht;WK190412;Maarssenbroek;BU19041209;Bloemstede;0333100000016357;"KBS ""De Wilde Wingerd""";van Bork, F.J.;Partij van de Arbeid (P.v.d.A.);0;130646;459853;52.12635;5.03156;130202;460563;52.12635;5.03156;130699;459932;52.13271;5.25024;Maarssen;10
WS-HDSR2019;G1904;Stichtse Vecht;WK190412;Maarssenbroek;BU19041209;Bloemstede;0333100000016357;"KBS ""De Wilde Wingerd""";Heesen, W.A.;Partij van de Arbeid (P.v.d.A.);0;130646;459853;52.12635;5.03156;130202;460563;52.12635;5.03156;130699;459932;52.13271;5.25024;Maarssen;10
WS-HDSR2019;G1904;Stichtse Vecht;WK190412;Maarssenbroek;BU19041209;Bloemstede;0333100000016357;"KBS ""De Wilde Wingerd""";Reerink, J.G.M.;Partij van de Arbeid (P.v.d.A.);0;130646;459853;52.12635;5.03156;130202;460563;52.12635;5.03156;130699;459932;52.13271;5.25024;Maarssen;10
WS-HDSR2019;G1904;Stichtse Vecht;WK190412;Maarssenbroek;BU19041209;Bloemstede;0333100000016357;"KBS ""De Wilde Wingerd""";Mulder, G.G.J.;Partij van de Arbeid (P.v.d.A.);0;130646;459853;52.12635;5.03156;130202;460563;52.12635;5.03156;130699;459932;52.13271;5.25024;Maarssen;10
WS-HDSR2019;G1904;Stichtse Vecht;WK190412;Maarssenbroek;BU19041209;Bloemstede;0333100000016357;"KBS ""De Wilde Wingerd""";Steen, J.H.;Partij van de Arbeid (P.v.d.A.);1;130646;459853;52.12635;5.03156;130202;460563;52.12635;5.03156;130699;459932;52.13271;5.25024;Maarssen;10
WS-HDSR2019;G1904;Stichtse Vecht;WK190412;Maarssenbroek;BU19041209;Bloemstede;0333100000016357;"KBS ""De Wilde Wingerd""";Jeddaoui, S.;Partij van de Arbeid (P.v.d.A.);9;130646;459853;52.12635;5.03156;130202;460563;52.12635;5.03156;130699;459932;52.13271;5.25024;Maarssen;10
WS-HDSR2019;G1904;Stichtse Vecht;WK190412;Maarssenbroek;BU19041209;Bloemstede;0333100000016357;"KBS ""De Wilde Wingerd""";Meijerink, M.S.J.;Partij van de Arbeid (P.v.d.A.);0;130646;459853;52.12635;5.03156;130202;460563;52.12635;5.03156;130699;459932;52.13271;5.25024;Maarssen;10
WS-HDSR2019;G1904;Stichtse Vecht;WK190412;Maarssenbroek;BU19041209;Bloemstede;0333100000016357;"KBS ""De Wilde Wingerd""";Dubbink, J.;Partij van de Arbeid (P.v.d.A.);0;130646;459853;52.12635;5.03156;130202;460563;52.12635;5.03156;130699;459932;52.13271;5.25024;Maarssen;10
WS-HDSR2019;G1904;Stichtse Vecht;WK190412;Maarssenbroek;BU19041209;Bloemstede;0333100000016357;"KBS ""De Wilde Wingerd""";Kaas, D.;Partij van de Arbeid (P.v.d.A.);0;130646;459853;52.12635;5.03156;130202;460563;52.12635;5.03156;130699;459932;52.13271;5.25024;Maarssen;10
WS-HDSR2019;G1904;Stichtse Vecht;WK190412;Maarssenbroek;BU19041209;Bloemstede;0333100000016357;"KBS ""De Wilde Wingerd""";van Dijk, M.J.;Partij van de Arbeid (P.v.d.A.);12;130646;459853;52.12635;5.03156;130202;460563;52.12635;5.03156;130699;459932;52.13271;5.25024;Maarssen;10
WS-HDSR2019;G1904;Stichtse Vecht;WK190412;Maarssenbroek;BU19041209;Bloemstede;0333100000016357;"KBS ""De Wilde Wingerd""";Boer, A.;Partij van de Arbeid (P.v.d.A.);0;130646;459853;52.12635;5.03156;130202;460563;52.12635;5.03156;130699;459932;52.13271;5.25024;Maarssen;10
WS-HDSR2019;G1904;Stichtse Vecht;WK190412;Maarssenbroek;BU19041209;Bloemstede;0333100000016357;"KBS ""De Wilde Wingerd""";Dibi, B.;Partij van de Arbeid (P.v.d.A.);3;130646;459853;52.12635;5.03156;130202;460563;52.12635;5.03156;130699;459932;52.13271;5.25024;Maarssen;10
WS-HDSR2019;G1904;Stichtse Vecht;WK190412;Maarssenbroek;BU19041209;Bloemstede;0333100000016357;"KBS ""De Wilde Wingerd""";van Hoof-Ward, M.;Partij van de Arbeid (P.v.d.A.);0;130646;459853;52.12635;5.03156;130202;460563;52.12635;5.03156;130699;459932;52.13271;5.25024;Maarssen;10
WS-HDSR2019;G1904;Stichtse Vecht;WK190412;Maarssenbroek;BU19041209;Bloemstede;0333100000016357;"KBS ""De Wilde Wingerd""";van Alfen, I.H.;Partij van de Arbeid (P.v.d.A.);0;130646;459853;52.12635;5.03156;130202;460563;52.12635;5.03156;130699;459932;52.13271;5.25024;Maarssen;10
WS-HDSR2019;G1904;Stichtse Vecht;WK190412;Maarssenbroek;BU19041209;Bloemstede;0333100000016357;"KBS ""De Wilde Wingerd""";Vellekoop, L.E.C.;Partij van de Arbeid (P.v.d.A.);1;130646;459853;52.12635;5.03156;130202;460563;52.12635;5.03156;130699;459932;52.13271;5.25024;Maarssen;10
WS-HDSR2019;G1904;Stichtse Vecht;WK190412;Maarssenbroek;BU19041209;Bloemstede;0333100000016357;"KBS ""De Wilde Wingerd""";Travaille, A.;Partij voor de Dieren;70;130646;459853;52.12635;5.03156;130202;460563;52.12635;5.03156;130699;459932;52.13271;5.25024;Maarssen;10
WS-HDSR2019;G1904;Stichtse Vecht;WK190412;Maarssenbroek;BU19041209;Bloemstede;0333100000016357;"KBS ""De Wilde Wingerd""";van der Steeg, W.;Partij voor de Dieren;4;130646;459853;52.12635;5.03156;130202;460563;52.12635;5.03156;130699;459932;52.13271;5.25024;Maarssen;10
WS-HDSR2019;G1904;Stichtse Vecht;WK190412;Maarssenbroek;BU19041209;Bloemstede;0333100000016357;"KBS ""De Wilde Wingerd""";van der Kruk, R.;Partij voor de Dieren;0;130646;459853;52.12635;5.03156;130202;460563;52.12635;5.03156;130699;459932;52.13271;5.25024;Maarssen;10
WS-HDSR2019;G1904;Stichtse Vecht;WK190412;Maarssenbroek;BU19041209;Bloemstede;0333100000016357;"KBS ""De Wilde Wingerd""";Dam, F.;Partij voor de Dieren;2;130646;459853;52.12635;5.03156;130202;460563;52.12635;5.03156;130699;459932;52.13271;5.25024;Maarssen;10
WS-HDSR2019;G1904;Stichtse Vecht;WK190412;Maarssenbroek;BU19041209;Bloemstede;0333100000016357;"KBS ""De Wilde Wingerd""";Hendriks, M.A.;Partij voor de Dieren;12;130646;459853;52.12635;5.03156;130202;460563;52.12635;5.03156;130699;459932;52.13271;5.25024;Maarssen;10
WS-HDSR2019;G1904;Stichtse Vecht;WK190412;Maarssenbroek;BU19041209;Bloemstede;0333100000016357;"KBS ""De Wilde Wingerd""";Korteweg, E.I.;Partij voor de Dieren;4;130646;459853;52.12635;5.03156;130202;460563;52.12635;5.03156;130699;459932;52.13271;5.25024;Maarssen;10
WS-HDSR2019;G1904;Stichtse Vecht;WK190412;Maarssenbroek;BU19041209;Bloemstede;0333100000016357;"KBS ""De Wilde Wingerd""";Verkleij-Torenbeek, C.;Partij voor de Dieren;1;130646;459853;52.12635;5.03156;130202;460563;52.12635;5.03156;130699;459932;52.13271;5.25024;Maarssen;10
WS-HDSR2019;G1904;Stichtse Vecht;WK190412;Maarssenbroek;BU19041209;Bloemstede;0333100000016357;"KBS ""De Wilde Wingerd""";Oskam, S.W.;Partij voor de Dieren;4;130646;459853;52.12635;5.03156;130202;460563;52.12635;5.03156;130699;459932;52.13271;5.25024;Maarssen;10
WS-HDSR2019;G1904;Stichtse Vecht;WK190412;Maarssenbroek;BU19041209;Bloemstede;0333100000016357;"KBS ""De Wilde Wingerd""";Bodewitz, W.A.;Partij voor de Dieren;7;130646;459853;52.12635;5.03156;130202;460563;52.12635;5.03156;130699;459932;52.13271;5.25024;Maarssen;10
WS-HDSR2019;G1904;Stichtse Vecht;WK190412;Maarssenbroek;BU19041209;Bloemstede;0333100000016357;"KBS ""De Wilde Wingerd""";Verkaik, E.;Waterschap@inwonersbelangen;25;130646;459853;52.12635;5.03156;130202;460563;52.12635;5.03156;130699;459932;52.13271;5.25024;Maarssen;10
WS-HDSR2019;G1904;Stichtse Vecht;WK190412;Maarssenbroek;BU19041209;Bloemstede;0333100000016357;"KBS ""De Wilde Wingerd""";Ketting, H.B.G.;Waterschap@inwonersbelangen;6;130646;459853;52.12635;5.03156;130202;460563;52.12635;5.03156;130699;459932;52.13271;5.25024;Maarssen;10
WS-HDSR2019;G1904;Stichtse Vecht;WK190412;Maarssenbroek;BU19041209;Bloemstede;0333100000016357;"KBS ""De Wilde Wingerd""";Haaxma, A.;Waterschap@inwonersbelangen;5;130646;459853;52.12635;5.03156;130202;460563;52.12635;5.03156;130699;459932;52.13271;5.25024;Maarssen;10
WS-HDSR2019;G1904;Stichtse Vecht;WK190412;Maarssenbroek;BU19041209;Bloemstede;0333100000016357;"KBS ""De Wilde Wingerd""";Zandbergen, G.;Waterschap@inwonersbelangen;6;130646;459853;52.12635;5.03156;130202;460563;52.12635;5.03156;130699;459932;52.13271;5.25024;Maarssen;10
WS-HDSR2019;G1904;Stichtse Vecht;WK190412;Maarssenbroek;BU19041209;Bloemstede;0333100000016357;"KBS ""De Wilde Wingerd""";van Leeuwen-van der Horst, L.P.T.;Waterschap@inwonersbelangen;1;130646;459853;52.12635;5.03156;130202;460563;52.12635;5.03156;130699;459932;52.13271;5.25024;Maarssen;10
WS-HDSR2019;G1904;Stichtse Vecht;WK190412;Maarssenbroek;BU19041209;Bloemstede;0333100000016357;"KBS ""De Wilde Wingerd""";van der Does, J.C.;Waterschap@inwonersbelangen;1;130646;459853;52.12635;5.03156;130202;460563;52.12635;5.03156;130699;459932;52.13271;5.25024;Maarssen;10
WS-HDSR2019;G1904;Stichtse Vecht;WK190412;Maarssenbroek;BU19041209;Bloemstede;0333100000016357;"KBS ""De Wilde Wingerd""";van Niel, D.A.;Waterschap@inwonersbelangen;0;130646;459853;52.12635;5.03156;130202;460563;52.12635;5.03156;130699;459932;52.13271;5.25024;Maarssen;10
WS-HDSR2019;G1904;Stichtse Vecht;WK190412;Maarssenbroek;BU19041209;Bloemstede;0333100000016357;"KBS ""De Wilde Wingerd""";Borst-Kruithof, K.;Waterschap@inwonersbelangen;0;130646;459853;52.12635;5.03156;130202;460563;52.12635;5.03156;130699;459932;52.13271;5.25024;Maarssen;10
WS-HDSR2019;G1904;Stichtse Vecht;WK190412;Maarssenbroek;BU19041209;Bloemstede;0333100000016357;"KBS ""De Wilde Wingerd""";Voorendt, T.C.M.;Waterschap@inwonersbelangen;0;130646;459853;52.12635;5.03156;130202;460563;52.12635;5.03156;130699;459932;52.13271;5.25024;Maarssen;10
WS-HDSR2019;G1904;Stichtse Vecht;WK190412;Maarssenbroek;BU19041209;Bloemstede;0333100000016357;"KBS ""De Wilde Wingerd""";de With, F.;Waterschap@inwonersbelangen;0;130646;459853;52.12635;5.03156;130202;460563;52.12635;5.03156;130699;459932;52.13271;5.25024;Maarssen;10
WS-HDSR2019;G1904;Stichtse Vecht;WK190412;Maarssenbroek;BU19041209;Bloemstede;0333100000016357;"KBS ""De Wilde Wingerd""";Boer, W.J.;Waterschap@inwonersbelangen;0;130646;459853;52.12635;5.03156;130202;460563;52.12635;5.03156;130699;459932;52.13271;5.25024;Maarssen;10
WS-HDSR2019;G1904;Stichtse Vecht;WK190412;Maarssenbroek;BU19041209;Bloemstede;0333100000016357;"KBS ""De Wilde Wingerd""";Verkaik, L.J.C.;Waterschap@inwonersbelangen;0;130646;459853;52.12635;5.03156;130202;460563;52.12635;5.03156;130699;459932;52.13271;5.25024;Maarssen;10
WS-HDSR2019;G1904;Stichtse Vecht;WK190412;Maarssenbroek;BU19041209;Bloemstede;0333100000016357;"KBS ""De Wilde Wingerd""";Streekstra, S.;Waterschap@inwonersbelangen;0;130646;459853;52.12635;5.03156;130202;460563;52.12635;5.03156;130699;459932;52.13271;5.25024;Maarssen;10
WS-HDSR2019;G1904;Stichtse Vecht;WK190412;Maarssenbroek;BU19041209;Bloemstede;0333100000016357;"KBS ""De Wilde Wingerd""";van Kranenburg, C.J.;ChristenUnie;26;130646;459853;52.12635;5.03156;130202;460563;52.12635;5.03156;130699;459932;52.13271;5.25024;Maarssen;10
WS-HDSR2019;G1904;Stichtse Vecht;WK190412;Maarssenbroek;BU19041209;Bloemstede;0333100000016357;"KBS ""De Wilde Wingerd""";van de Belt, D.;ChristenUnie;0;130646;459853;52.12635;5.03156;130202;460563;52.12635;5.03156;130699;459932;52.13271;5.25024;Maarssen;10
WS-HDSR2019;G1904;Stichtse Vecht;WK190412;Maarssenbroek;BU19041209;Bloemstede;0333100000016357;"KBS ""De Wilde Wingerd""";Pleijsier, C.S.;ChristenUnie;4;130646;459853;52.12635;5.03156;130202;460563;52.12635;5.03156;130699;459932;52.13271;5.25024;Maarssen;10
WS-HDSR2019;G1904;Stichtse Vecht;WK190412;Maarssenbroek;BU19041209;Bloemstede;0333100000016357;"KBS ""De Wilde Wingerd""";Zeef, P.H.H.;ChristenUnie;1;130646;459853;52.12635;5.03156;130202;460563;52.12635;5.03156;130699;459932;52.13271;5.25024;Maarssen;10
WS-HDSR2019;G1904;Stichtse Vecht;WK190412;Maarssenbroek;BU19041209;Bloemstede;0333100000016357;"KBS ""De Wilde Wingerd""";Voortman, D.G.J.;ChristenUnie;0;130646;459853;52.12635;5.03156;130202;460563;52.12635;5.03156;130699;459932;52.13271;5.25024;Maarssen;10
WS-HDSR2019;G1904;Stichtse Vecht;WK190412;Maarssenbroek;BU19041209;Bloemstede;0333100000016357;"KBS ""De Wilde Wingerd""";Snoek, H.C.;ChristenUnie;0;130646;459853;52.12635;5.03156;130202;460563;52.12635;5.03156;130699;459932;52.13271;5.25024;Maarssen;10
WS-HDSR2019;G1904;Stichtse Vecht;WK190412;Maarssenbroek;BU19041209;Bloemstede;0333100000016357;"KBS ""De Wilde Wingerd""";van der Grift, C.M.;ChristenUnie;0;130646;459853;52.12635;5.03156;130202;460563;52.12635;5.03156;130699;459932;52.13271;5.25024;Maarssen;10
WS-HDSR2019;G1904;Stichtse Vecht;WK190412;Maarssenbroek;BU19041209;Bloemstede;0333100000016357;"KBS ""De Wilde Wingerd""";Reinders, M.J.;ChristenUnie;0;130646;459853;52.12635;5.03156;130202;460563;52.12635;5.03156;130699;459932;52.13271;5.25024;Maarssen;10
WS-HDSR2019;G1904;Stichtse Vecht;WK190412;Maarssenbroek;BU19041209;Bloemstede;0333100000016357;"KBS ""De Wilde Wingerd""";Benders-Molenaar, M.;ChristenUnie;1;130646;459853;52.12635;5.03156;130202;460563;52.12635;5.03156;130699;459932;52.13271;5.25024;Maarssen;10
WS-HDSR2019;G1904;Stichtse Vecht;WK190412;Maarssenbroek;BU19041209;Bloemstede;0333100000016357;"KBS ""De Wilde Wingerd""";van Wijnen, D.A.;ChristenUnie;0;130646;459853;52.12635;5.03156;130202;460563;52.12635;5.03156;130699;459932;52.13271;5.25024;Maarssen;10
WS-HDSR2019;G1904;Stichtse Vecht;WK190412;Maarssenbroek;BU19041209;Bloemstede;0333100000016357;"KBS ""De Wilde Wingerd""";Voorberg, C.Z.;ChristenUnie;0;130646;459853;52.12635;5.03156;130202;460563;52.12635;5.03156;130699;459932;52.13271;5.25024;Maarssen;10
WS-HDSR2019;G1904;Stichtse Vecht;WK190412;Maarssenbroek;BU19041209;Bloemstede;0333100000016357;"KBS ""De Wilde Wingerd""";Roetman, I.C.;ChristenUnie;10;130646;459853;52.12635;5.03156;130202;460563;52.12635;5.03156;130699;459932;52.13271;5.25024;Maarssen;10
WS-HDSR2019;G1904;Stichtse Vecht;WK190412;Maarssenbroek;BU19041209;Bloemstede;0333100000016357;"KBS ""De Wilde Wingerd""";Wentink, A.G.;ChristenUnie;0;130646;459853;52.12635;5.03156;130202;460563;52.12635;5.03156;130699;459932;52.13271;5.25024;Maarssen;10
WS-HDSR2019;G1904;Stichtse Vecht;WK190412;Maarssenbroek;BU19041209;Bloemstede;0333100000016357;"KBS ""De Wilde Wingerd""";Pape-van Genderen, C.A.;ChristenUnie;0;130646;459853;52.12635;5.03156;130202;460563;52.12635;5.03156;130699;459932;52.13271;5.25024;Maarssen;10
WS-HDSR2019;G1904;Stichtse Vecht;WK190412;Maarssenbroek;BU19041209;Bloemstede;0333100000016357;"KBS ""De Wilde Wingerd""";Taute, G.;ChristenUnie;0;130646;459853;52.12635;5.03156;130202;460563;52.12635;5.03156;130699;459932;52.13271;5.25024;Maarssen;10
WS-HDSR2019;G1904;Stichtse Vecht;WK190412;Maarssenbroek;BU19041209;Bloemstede;0333100000016357;"KBS ""De Wilde Wingerd""";Meijer, J.H.;ChristenUnie;0;130646;459853;52.12635;5.03156;130202;460563;52.12635;5.03156;130699;459932;52.13271;5.25024;Maarssen;10
WS-HDSR2019;G1904;Stichtse Vecht;WK190412;Maarssenbroek;BU19041209;Bloemstede;0333100000016357;"KBS ""De Wilde Wingerd""";van Dalen-van Hierden, B.;ChristenUnie;0;130646;459853;52.12635;5.03156;130202;460563;52.12635;5.03156;130699;459932;52.13271;5.25024;Maarssen;10
WS-HDSR2019;G1904;Stichtse Vecht;WK190412;Maarssenbroek;BU19041209;Bloemstede;0333100000016357;"KBS ""De Wilde Wingerd""";van der Ven, A.;ChristenUnie;0;130646;459853;52.12635;5.03156;130202;460563;52.12635;5.03156;130699;459932;52.13271;5.25024;Maarssen;10
WS-HDSR2019;G1904;Stichtse Vecht;WK190412;Maarssenbroek;BU19041209;Bloemstede;0333100000016357;"KBS ""De Wilde Wingerd""";van Utrecht, D.;ChristenUnie;0;130646;459853;52.12635;5.03156;130202;460563;52.12635;5.03156;130699;459932;52.13271;5.25024;Maarssen;10
WS-HDSR2019;G1904;Stichtse Vecht;WK190412;Maarssenbroek;BU19041209;Bloemstede;0333100000016357;"KBS ""De Wilde Wingerd""";Lont, B.C.;ChristenUnie;0;130646;459853;52.12635;5.03156;130202;460563;52.12635;5.03156;130699;459932;52.13271;5.25024;Maarssen;10
WS-HDSR2019;G1904;Stichtse Vecht;WK190412;Maarssenbroek;BU19041209;Bloemstede;0333100000016357;"KBS ""De Wilde Wingerd""";Bos, P.W.;ChristenUnie;0;130646;459853;52.12635;5.03156;130202;460563;52.12635;5.03156;130699;459932;52.13271;5.25024;Maarssen;10
WS-HDSR2019;G1904;Stichtse Vecht;WK190412;Maarssenbroek;BU19041209;Bloemstede;0333100000016357;"KBS ""De Wilde Wingerd""";Kool, A.;ChristenUnie;0;130646;459853;52.12635;5.03156;130202;460563;52.12635;5.03156;130699;459932;52.13271;5.25024;Maarssen;10
WS-HDSR2019;G1904;Stichtse Vecht;WK190412;Maarssenbroek;BU19041209;Bloemstede;0333100000016357;"KBS ""De Wilde Wingerd""";Schaddelee, A.J.;ChristenUnie;1;130646;459853;52.12635;5.03156;130202;460563;52.12635;5.03156;130699;459932;52.13271;5.25024;Maarssen;10
WS-HDSR2019;G1904;Stichtse Vecht;WK190412;Maarssenbroek;BU19041209;Bloemstede;0333100000016357;"KBS ""De Wilde Wingerd""";Dieperink, C.;AWP niet politiek, wel deskundig;16;130646;459853;52.12635;5.03156;130202;460563;52.12635;5.03156;130699;459932;52.13271;5.25024;Maarssen;10
WS-HDSR2019;G1904;Stichtse Vecht;WK190412;Maarssenbroek;BU19041209;Bloemstede;0333100000016357;"KBS ""De Wilde Wingerd""";Verweij, J.P.;AWP niet politiek, wel deskundig;0;130646;459853;52.12635;5.03156;130202;460563;52.12635;5.03156;130699;459932;52.13271;5.25024;Maarssen;10
WS-HDSR2019;G1904;Stichtse Vecht;WK190412;Maarssenbroek;BU19041209;Bloemstede;0333100000016357;"KBS ""De Wilde Wingerd""";Moinier, S.;AWP niet politiek, wel deskundig;15;130646;459853;52.12635;5.03156;130202;460563;52.12635;5.03156;130699;459932;52.13271;5.25024;Maarssen;10
WS-HDSR2019;G1904;Stichtse Vecht;WK190412;Maarssenbroek;BU19041209;Bloemstede;0333100000016357;"KBS ""De Wilde Wingerd""";Heidema, A.;AWP niet politiek, wel deskundig;0;130646;459853;52.12635;5.03156;130202;460563;52.12635;5.03156;130699;459932;52.13271;5.25024;Maarssen;10
WS-HDSR2019;G1904;Stichtse Vecht;WK190412;Maarssenbroek;BU19041209;Bloemstede;0333100000016357;"KBS ""De Wilde Wingerd""";Keessen, A.M.;AWP niet politiek, wel deskundig;0;130646;459853;52.12635;5.03156;130202;460563;52.12635;5.03156;130699;459932;52.13271;5.25024;Maarssen;10
WS-HDSR2019;G1904;Stichtse Vecht;WK190412;Maarssenbroek;BU19041209;Bloemstede;0333100000016357;"KBS ""De Wilde Wingerd""";Moor, J.A.P.M.;AWP niet politiek, wel deskundig;0;130646;459853;52.12635;5.03156;130202;460563;52.12635;5.03156;130699;459932;52.13271;5.25024;Maarssen;10
WS-HDSR2019;G1904;Stichtse Vecht;WK190412;Maarssenbroek;BU19041209;Bloemstede;0333100000016357;"KBS ""De Wilde Wingerd""";de Leeuw-Bosch, E.;AWP niet politiek, wel deskundig;2;130646;459853;52.12635;5.03156;130202;460563;52.12635;5.03156;130699;459932;52.13271;5.25024;Maarssen;10
WS-HDSR2019;G1904;Stichtse Vecht;WK190412;Maarssenbroek;BU19041209;Bloemstede;0333100000016357;"KBS ""De Wilde Wingerd""";Koop, S.H.A.;AWP niet politiek, wel deskundig;0;130646;459853;52.12635;5.03156;130202;460563;52.12635;5.03156;130699;459932;52.13271;5.25024;Maarssen;10
WS-HDSR2019;G1904;Stichtse Vecht;WK190412;Maarssenbroek;BU19041209;Bloemstede;0333100000016357;"KBS ""De Wilde Wingerd""";Hiemstra, A.;AWP niet politiek, wel deskundig;1;130646;459853;52.12635;5.03156;130202;460563;52.12635;5.03156;130699;459932;52.13271;5.25024;Maarssen;10
WS-HDSR2019;G1904;Stichtse Vecht;WK190412;Maarssenbroek;BU19041209;Bloemstede;0333100000016357;"KBS ""De Wilde Wingerd""";van der Veen, B.J.;AWP niet politiek, wel deskundig;0;130646;459853;52.12635;5.03156;130202;460563;52.12635;5.03156;130699;459932;52.13271;5.25024;Maarssen;10
WS-HDSR2019;G1904;Stichtse Vecht;WK190412;Maarssenbroek;BU19041209;Bloemstede;0333100000016357;"KBS ""De Wilde Wingerd""";Gilissen, H.K.;AWP niet politiek, wel deskundig;0;130646;459853;52.12635;5.03156;130202;460563;52.12635;5.03156;130699;459932;52.13271;5.25024;Maarssen;10
WS-HDSR2019;G1904;Stichtse Vecht;WK190412;Maarssenbroek;BU19041209;Bloemstede;0333100000016357;"KBS ""De Wilde Wingerd""";van Leeuwen, C.J.;AWP niet politiek, wel deskundig;0;130646;459853;52.12635;5.03156;130202;460563;52.12635;5.03156;130699;459932;52.13271;5.25024;Maarssen;10
WS-HDSR2019;G1904;Stichtse Vecht;WK190412;Maarssenbroek;BU19041209;Bloemstede;0333100000016357;"KBS ""De Wilde Wingerd""";Jansen, A. E.;AWP niet politiek, wel deskundig;1;130646;459853;52.12635;5.03156;130202;460563;52.12635;5.03156;130699;459932;52.13271;5.25024;Maarssen;10
WS-HDSR2019;G1904;Stichtse Vecht;WK190412;Maarssenbroek;BU19041209;Bloemstede;0333100000016357;"KBS ""De Wilde Wingerd""";van Os, F.;Staatkundig Gereformeerde Partij (SGP);3;130646;459853;52.12635;5.03156;130202;460563;52.12635;5.03156;130699;459932;52.13271;5.25024;Maarssen;10
WS-HDSR2019;G1904;Stichtse Vecht;WK190412;Maarssenbroek;BU19041209;Bloemstede;0333100000016357;"KBS ""De Wilde Wingerd""";van Zetten, J.N.;Staatkundig Gereformeerde Partij (SGP);0;130646;459853;52.12635;5.03156;130202;460563;52.12635;5.03156;130699;459932;52.13271;5.25024;Maarssen;10
WS-HDSR2019;G1904;Stichtse Vecht;WK190412;Maarssenbroek;BU19041209;Bloemstede;0333100000016357;"KBS ""De Wilde Wingerd""";van der Wind, J.J.;Staatkundig Gereformeerde Partij (SGP);0;130646;459853;52.12635;5.03156;130202;460563;52.12635;5.03156;130699;459932;52.13271;5.25024;Maarssen;10
WS-HDSR2019;G1904;Stichtse Vecht;WK190412;Maarssenbroek;BU19041209;Bloemstede;0333100000016357;"KBS ""De Wilde Wingerd""";Verweij, K.C.;Staatkundig Gereformeerde Partij (SGP);0;130646;459853;52.12635;5.03156;130202;460563;52.12635;5.03156;130699;459932;52.13271;5.25024;Maarssen;10
WS-HDSR2019;G1904;Stichtse Vecht;WK190412;Maarssenbroek;BU19041209;Bloemstede;0333100000016357;"KBS ""De Wilde Wingerd""";van Leeuwen, G.;Staatkundig Gereformeerde Partij (SGP);0;130646;459853;52.12635;5.03156;130202;460563;52.12635;5.03156;130699;459932;52.13271;5.25024;Maarssen;10
WS-HDSR2019;G1904;Stichtse Vecht;WK190412;Maarssenbroek;BU19041209;Bloemstede;0333100000016357;"KBS ""De Wilde Wingerd""";de Groot, L.;Staatkundig Gereformeerde Partij (SGP);0;130646;459853;52.12635;5.03156;130202;460563;52.12635;5.03156;130699;459932;52.13271;5.25024;Maarssen;10
WS-HDSR2019;G1904;Stichtse Vecht;WK190412;Maarssenbroek;BU19041209;Bloemstede;0333100000016357;"KBS ""De Wilde Wingerd""";Boonzaaijer, G.;Staatkundig Gereformeerde Partij (SGP);0;130646;459853;52.12635;5.03156;130202;460563;52.12635;5.03156;130699;459932;52.13271;5.25024;Maarssen;10
WS-HDSR2019;G1904;Stichtse Vecht;WK190412;Maarssenbroek;BU19041209;Bloemstede;0333100000016357;"KBS ""De Wilde Wingerd""";Broere, J.;Staatkundig Gereformeerde Partij (SGP);0;130646;459853;52.12635;5.03156;130202;460563;52.12635;5.03156;130699;459932;52.13271;5.25024;Maarssen;10
WS-HDSR2019;G1904;Stichtse Vecht;WK190412;Maarssenbroek;BU19041209;Bloemstede;0333100000016357;"KBS ""De Wilde Wingerd""";Marchal, J.;Staatkundig Gereformeerde Partij (SGP);1;130646;459853;52.12635;5.03156;130202;460563;52.12635;5.03156;130699;459932;52.13271;5.25024;Maarssen;10
WS-HDSR2019;G1904;Stichtse Vecht;WK190412;Maarssenbroek;BU19041209;Bloemstede;0333100000016357;"KBS ""De Wilde Wingerd""";van Woudenberg, J.;Staatkundig Gereformeerde Partij (SGP);0;130646;459853;52.12635;5.03156;130202;460563;52.12635;5.03156;130699;459932;52.13271;5.25024;Maarssen;10
WS-HDSR2019;G1904;Stichtse Vecht;WK190412;Maarssenbroek;BU19041209;Bloemstede;0333100000016357;"KBS ""De Wilde Wingerd""";Verduijn, A.;Staatkundig Gereformeerde Partij (SGP);0;130646;459853;52.12635;5.03156;130202;460563;52.12635;5.03156;130699;459932;52.13271;5.25024;Maarssen;10
WS-HDSR2019;G1904;Stichtse Vecht;WK190412;Maarssenbroek;BU19041209;Bloemstede;0333100000016357;"KBS ""De Wilde Wingerd""";Rijneveld, C.;Staatkundig Gereformeerde Partij (SGP);0;130646;459853;52.12635;5.03156;130202;460563;52.12635;5.03156;130699;459932;52.13271;5.25024;Maarssen;10
WS-HDSR2019;G1904;Stichtse Vecht;WK190412;Maarssenbroek;BU19041209;Bloemstede;0333100000016357;"KBS ""De Wilde Wingerd""";Doornenbal, G.;Staatkundig Gereformeerde Partij (SGP);1;130646;459853;52.12635;5.03156;130202;460563;52.12635;5.03156;130699;459932;52.13271;5.25024;Maarssen;10
WS-HDSR2019;G1904;Stichtse Vecht;WK190412;Maarssenbroek;BU19041209;Bloemstede;0333100000016357;"KBS ""De Wilde Wingerd""";van Vulpen, C.;Staatkundig Gereformeerde Partij (SGP);0;130646;459853;52.12635;5.03156;130202;460563;52.12635;5.03156;130699;459932;52.13271;5.25024;Maarssen;10
WS-HDSR2019;G1904;Stichtse Vecht;WK190412;Maarssenbroek;BU19041209;Bloemstede;0333100000016357;"KBS ""De Wilde Wingerd""";Benschop, J.W.;Staatkundig Gereformeerde Partij (SGP);0;130646;459853;52.12635;5.03156;130202;460563;52.12635;5.03156;130699;459932;52.13271;5.25024;Maarssen;10
WS-HDSR2019;G1904;Stichtse Vecht;WK190412;Maarssenbroek;BU19041209;Bloemstede;0333100000016357;"KBS ""De Wilde Wingerd""";van den Hoek, R.P.J.J.;50PLUS;68;130646;459853;52.12635;5.03156;130202;460563;52.12635;5.03156;130699;459932;52.13271;5.25024;Maarssen;10
WS-HDSR2019;G1904;Stichtse Vecht;WK190412;Maarssenbroek;BU19041209;Bloemstede;0333100000016357;"KBS ""De Wilde Wingerd""";Schalkwijk, G.M.;50PLUS;15;130646;459853;52.12635;5.03156;130202;460563;52.12635;5.03156;130699;459932;52.13271;5.25024;Maarssen;10
WS-HDSR2019;G1904;Stichtse Vecht;WK190412;Maarssenbroek;BU19041209;Bloemstede;0333100000016357;"KBS ""De Wilde Wingerd""";de Mol, S.A.;50PLUS;1;130646;459853;52.12635;5.03156;130202;460563;52.12635;5.03156;130699;459932;52.13271;5.25024;Maarssen;10
WS-HDSR2019;G1904;Stichtse Vecht;WK190412;Maarssenbroek;BU19041209;Bloemstede;0333100000016357;"KBS ""De Wilde Wingerd""";Schifferling, J.H.;50PLUS;1;130646;459853;52.12635;5.03156;130202;460563;52.12635;5.03156;130699;459932;52.13271;5.25024;Maarssen;10
WS-HDSR2019;G1904;Stichtse Vecht;WK190412;Maarssenbroek;BU19041209;Bloemstede;0333100000016357;"KBS ""De Wilde Wingerd""";Cornelissen, M.P.J.;50PLUS;5;130646;459853;52.12635;5.03156;130202;460563;52.12635;5.03156;130699;459932;52.13271;5.25024;Maarssen;10
WS-HDSR2019;G1904;Stichtse Vecht;WK190412;Maarssenbroek;BU19041209;Bloemstede;0333100000016357;"KBS ""De Wilde Wingerd""";Postma, R.;50PLUS;0;130646;459853;52.12635;5.03156;130202;460563;52.12635;5.03156;130699;459932;52.13271;5.25024;Maarssen;10
WS-HDSR2019;G1904;Stichtse Vecht;WK190412;Maarssenbroek;BU19041204;Boomstede;0333100000017447;Scouting clubgebouw De Shelter;Otterman, J.A.;Water Natuurlijk;114;130839;459328;52.12164;5.03442;130202;460563;52.12164;5.03442;130463;459508;52.13271;5.25024;Maarssen;11
WS-HDSR2019;G1904;Stichtse Vecht;WK190412;Maarssenbroek;BU19041204;Boomstede;0333100000017447;Scouting clubgebouw De Shelter;Jansen, M.L.E.;Water Natuurlijk;2;130839;459328;52.12164;5.03442;130202;460563;52.12164;5.03442;130463;459508;52.13271;5.25024;Maarssen;11
WS-HDSR2019;G1904;Stichtse Vecht;WK190412;Maarssenbroek;BU19041204;Boomstede;0333100000017447;Scouting clubgebouw De Shelter;van der Heijden, J.;Water Natuurlijk;2;130839;459328;52.12164;5.03442;130202;460563;52.12164;5.03442;130463;459508;52.13271;5.25024;Maarssen;11
WS-HDSR2019;G1904;Stichtse Vecht;WK190412;Maarssenbroek;BU19041204;Boomstede;0333100000017447;Scouting clubgebouw De Shelter;Oskam, G.A.;Water Natuurlijk;22;130839;459328;52.12164;5.03442;130202;460563;52.12164;5.03442;130463;459508;52.13271;5.25024;Maarssen;11
WS-HDSR2019;G1904;Stichtse Vecht;WK190412;Maarssenbroek;BU19041204;Boomstede;0333100000017447;Scouting clubgebouw De Shelter;van der Molen, D.T.;Water Natuurlijk;5;130839;459328;52.12164;5.03442;130202;460563;52.12164;5.03442;130463;459508;52.13271;5.25024;Maarssen;11
WS-HDSR2019;G1904;Stichtse Vecht;WK190412;Maarssenbroek;BU19041204;Boomstede;0333100000017447;Scouting clubgebouw De Shelter;Dekker-Groen, A.M.;Water Natuurlijk;0;130839;459328;52.12164;5.03442;130202;460563;52.12164;5.03442;130463;459508;52.13271;5.25024;Maarssen;11
WS-HDSR2019;G1904;Stichtse Vecht;WK190412;Maarssenbroek;BU19041204;Boomstede;0333100000017447;Scouting clubgebouw De Shelter;van Dam, H.A.;Water Natuurlijk;3;130839;459328;52.12164;5.03442;130202;460563;52.12164;5.03442;130463;459508;52.13271;5.25024;Maarssen;11
WS-HDSR2019;G1904;Stichtse Vecht;WK190412;Maarssenbroek;BU19041204;Boomstede;0333100000017447;Scouting clubgebouw De Shelter;de Boer, R.A.;Water Natuurlijk;0;130839;459328;52.12164;5.03442;130202;460563;52.12164;5.03442;130463;459508;52.13271;5.25024;Maarssen;11
WS-HDSR2019;G1904;Stichtse Vecht;WK190412;Maarssenbroek;BU19041204;Boomstede;0333100000017447;Scouting clubgebouw De Shelter;van Berckel, A.R.M.;Water Natuurlijk;0;130839;459328;52.12164;5.03442;130202;460563;52.12164;5.03442;130463;459508;52.13271;5.25024;Maarssen;11
WS-HDSR2019;G1904;Stichtse Vecht;WK190412;Maarssenbroek;BU19041204;Boomstede;0333100000017447;Scouting clubgebouw De Shelter;ten Heuw, E.W.;Water Natuurlijk;0;130839;459328;52.12164;5.03442;130202;460563;52.12164;5.03442;130463;459508;52.13271;5.25024;Maarssen;11
WS-HDSR2019;G1904;Stichtse Vecht;WK190412;Maarssenbroek;BU19041204;Boomstede;0333100000017447;Scouting clubgebouw De Shelter;van der Wal, R.L.;Water Natuurlijk;0;130839;459328;52.12164;5.03442;130202;460563;52.12164;5.03442;130463;459508;52.13271;5.25024;Maarssen;11
WS-HDSR2019;G1904;Stichtse Vecht;WK190412;Maarssenbroek;BU19041204;Boomstede;0333100000017447;Scouting clubgebouw De Shelter;Kortekaas, M.L.;Water Natuurlijk;3;130839;459328;52.12164;5.03442;130202;460563;52.12164;5.03442;130463;459508;52.13271;5.25024;Maarssen;11
WS-HDSR2019;G1904;Stichtse Vecht;WK190412;Maarssenbroek;BU19041204;Boomstede;0333100000017447;Scouting clubgebouw De Shelter;Boerkamp, J.G.;Water Natuurlijk;1;130839;459328;52.12164;5.03442;130202;460563;52.12164;5.03442;130463;459508;52.13271;5.25024;Maarssen;11
WS-HDSR2019;G1904;Stichtse Vecht;WK190412;Maarssenbroek;BU19041204;Boomstede;0333100000017447;Scouting clubgebouw De Shelter;Nobel, A.C.;Water Natuurlijk;0;130839;459328;52.12164;5.03442;130202;460563;52.12164;5.03442;130463;459508;52.13271;5.25024;Maarssen;11
WS-HDSR2019;G1904;Stichtse Vecht;WK190412;Maarssenbroek;BU19041204;Boomstede;0333100000017447;Scouting clubgebouw De Shelter;Kingma, J.H.;Water Natuurlijk;0;130839;459328;52.12164;5.03442;130202;460563;52.12164;5.03442;130463;459508;52.13271;5.25024;Maarssen;11
WS-HDSR2019;G1904;Stichtse Vecht;WK190412;Maarssenbroek;BU19041204;Boomstede;0333100000017447;Scouting clubgebouw De Shelter;Aulich, K.M.;Water Natuurlijk;2;130839;459328;52.12164;5.03442;130202;460563;52.12164;5.03442;130463;459508;52.13271;5.25024;Maarssen;11
WS-HDSR2019;G1904;Stichtse Vecht;WK190412;Maarssenbroek;BU19041204;Boomstede;0333100000017447;Scouting clubgebouw De Shelter;Veldboer, S.J.H.M.;Water Natuurlijk;0;130839;459328;52.12164;5.03442;130202;460563;52.12164;5.03442;130463;459508;52.13271;5.25024;Maarssen;11
WS-HDSR2019;G1904;Stichtse Vecht;WK190412;Maarssenbroek;BU19041204;Boomstede;0333100000017447;Scouting clubgebouw De Shelter;Bijker, W.H.;Water Natuurlijk;0;130839;459328;52.12164;5.03442;130202;460563;52.12164;5.03442;130463;459508;52.13271;5.25024;Maarssen;11
WS-HDSR2019;G1904;Stichtse Vecht;WK190412;Maarssenbroek;BU19041204;Boomstede;0333100000017447;Scouting clubgebouw De Shelter;Tigchelhoff, A.;Water Natuurlijk;0;130839;459328;52.12164;5.03442;130202;460563;52.12164;5.03442;130463;459508;52.13271;5.25024;Maarssen;11
WS-HDSR2019;G1904;Stichtse Vecht;WK190412;Maarssenbroek;BU19041204;Boomstede;0333100000017447;Scouting clubgebouw De Shelter;Kloppenborg, J.F.M.;Water Natuurlijk;0;130839;459328;52.12164;5.03442;130202;460563;52.12164;5.03442;130463;459508;52.13271;5.25024;Maarssen;11
WS-HDSR2019;G1904;Stichtse Vecht;WK190412;Maarssenbroek;BU19041204;Boomstede;0333100000017447;Scouting clubgebouw De Shelter;Goedvolk, P.A.M.;Water Natuurlijk;0;130839;459328;52.12164;5.03442;130202;460563;52.12164;5.03442;130463;459508;52.13271;5.25024;Maarssen;11
WS-HDSR2019;G1904;Stichtse Vecht;WK190412;Maarssenbroek;BU19041204;Boomstede;0333100000017447;Scouting clubgebouw De Shelter;Ket, P.C.;Water Natuurlijk;0;130839;459328;52.12164;5.03442;130202;460563;52.12164;5.03442;130463;459508;52.13271;5.25024;Maarssen;11
WS-HDSR2019;G1904;Stichtse Vecht;WK190412;Maarssenbroek;BU19041204;Boomstede;0333100000017447;Scouting clubgebouw De Shelter;Gnodde, M.W.J.;Water Natuurlijk;0;130839;459328;52.12164;5.03442;130202;460563;52.12164;5.03442;130463;459508;52.13271;5.25024;Maarssen;11
WS-HDSR2019;G1904;Stichtse Vecht;WK190412;Maarssenbroek;BU19041204;Boomstede;0333100000017447;Scouting clubgebouw De Shelter;Zandvliet, H.C.A.;Water Natuurlijk;0;130839;459328;52.12164;5.03442;130202;460563;52.12164;5.03442;130463;459508;52.13271;5.25024;Maarssen;11
WS-HDSR2019;G1904;Stichtse Vecht;WK190412;Maarssenbroek;BU19041204;Boomstede;0333100000017447;Scouting clubgebouw De Shelter;Karelse, J.J.H.G.D.;Water Natuurlijk;0;130839;459328;52.12164;5.03442;130202;460563;52.12164;5.03442;130463;459508;52.13271;5.25024;Maarssen;11
WS-HDSR2019;G1904;Stichtse Vecht;WK190412;Maarssenbroek;BU19041204;Boomstede;0333100000017447;Scouting clubgebouw De Shelter;Schuhmacher, T.;Water Natuurlijk;37;130839;459328;52.12164;5.03442;130202;460563;52.12164;5.03442;130463;459508;52.13271;5.25024;Maarssen;11
WS-HDSR2019;G1904;Stichtse Vecht;WK190412;Maarssenbroek;BU19041204;Boomstede;0333100000017447;Scouting clubgebouw De Shelter;Dirkse, F.R.;Water Natuurlijk;0;130839;459328;52.12164;5.03442;130202;460563;52.12164;5.03442;130463;459508;52.13271;5.25024;Maarssen;11
WS-HDSR2019;G1904;Stichtse Vecht;WK190412;Maarssenbroek;BU19041204;Boomstede;0333100000017447;Scouting clubgebouw De Shelter;Hoogeveen, H.J.;Water Natuurlijk;0;130839;459328;52.12164;5.03442;130202;460563;52.12164;5.03442;130463;459508;52.13271;5.25024;Maarssen;11
WS-HDSR2019;G1904;Stichtse Vecht;WK190412;Maarssenbroek;BU19041204;Boomstede;0333100000017447;Scouting clubgebouw De Shelter;Langenbach, J.W.H.;Water Natuurlijk;0;130839;459328;52.12164;5.03442;130202;460563;52.12164;5.03442;130463;459508;52.13271;5.25024;Maarssen;11
WS-HDSR2019;G1904;Stichtse Vecht;WK190412;Maarssenbroek;BU19041204;Boomstede;0333100000017447;Scouting clubgebouw De Shelter;Boot, J.L.J.;Water Natuurlijk;0;130839;459328;52.12164;5.03442;130202;460563;52.12164;5.03442;130463;459508;52.13271;5.25024;Maarssen;11
WS-HDSR2019;G1904;Stichtse Vecht;WK190412;Maarssenbroek;BU19041204;Boomstede;0333100000017447;Scouting clubgebouw De Shelter;van der Vorm-Gouman, E.;Water Natuurlijk;0;130839;459328;52.12164;5.03442;130202;460563;52.12164;5.03442;130463;459508;52.13271;5.25024;Maarssen;11
WS-HDSR2019;G1904;Stichtse Vecht;WK190412;Maarssenbroek;BU19041204;Boomstede;0333100000017447;Scouting clubgebouw De Shelter;Jansen, G.J.P.;Water Natuurlijk;0;130839;459328;52.12164;5.03442;130202;460563;52.12164;5.03442;130463;459508;52.13271;5.25024;Maarssen;11
WS-HDSR2019;G1904;Stichtse Vecht;WK190412;Maarssenbroek;BU19041204;Boomstede;0333100000017447;Scouting clubgebouw De Shelter;Becht, G.F.;Water Natuurlijk;0;130839;459328;52.12164;5.03442;130202;460563;52.12164;5.03442;130463;459508;52.13271;5.25024;Maarssen;11
WS-HDSR2019;G1904;Stichtse Vecht;WK190412;Maarssenbroek;BU19041204;Boomstede;0333100000017447;Scouting clubgebouw De Shelter;van Oostenbrugge, R.;Water Natuurlijk;0;130839;459328;52.12164;5.03442;130202;460563;52.12164;5.03442;130463;459508;52.13271;5.25024;Maarssen;11
WS-HDSR2019;G1904;Stichtse Vecht;WK190412;Maarssenbroek;BU19041204;Boomstede;0333100000017447;Scouting clubgebouw De Shelter;de Jonge, P.C.;Water Natuurlijk;0;130839;459328;52.12164;5.03442;130202;460563;52.12164;5.03442;130463;459508;52.13271;5.25024;Maarssen;11
WS-HDSR2019;G1904;Stichtse Vecht;WK190412;Maarssenbroek;BU19041204;Boomstede;0333100000017447;Scouting clubgebouw De Shelter;Naber, J.M.L.;Water Natuurlijk;0;130839;459328;52.12164;5.03442;130202;460563;52.12164;5.03442;130463;459508;52.13271;5.25024;Maarssen;11
WS-HDSR2019;G1904;Stichtse Vecht;WK190412;Maarssenbroek;BU19041204;Boomstede;0333100000017447;Scouting clubgebouw De Shelter;Duindam, J.I.M.;Water Natuurlijk;0;130839;459328;52.12164;5.03442;130202;460563;52.12164;5.03442;130463;459508;52.13271;5.25024;Maarssen;11
WS-HDSR2019;G1904;Stichtse Vecht;WK190412;Maarssenbroek;BU19041204;Boomstede;0333100000017447;Scouting clubgebouw De Shelter;Lintmeijer, F.C.W.C.;Water Natuurlijk;0;130839;459328;52.12164;5.03442;130202;460563;52.12164;5.03442;130463;459508;52.13271;5.25024;Maarssen;11
WS-HDSR2019;G1904;Stichtse Vecht;WK190412;Maarssenbroek;BU19041204;Boomstede;0333100000017447;Scouting clubgebouw De Shelter;Koster-Dreese, Y.;Water Natuurlijk;1;130839;459328;52.12164;5.03442;130202;460563;52.12164;5.03442;130463;459508;52.13271;5.25024;Maarssen;11
WS-HDSR2019;G1904;Stichtse Vecht;WK190412;Maarssenbroek;BU19041204;Boomstede;0333100000017447;Scouting clubgebouw De Shelter;Beugelink, G.P.;Water Natuurlijk;0;130839;459328;52.12164;5.03442;130202;460563;52.12164;5.03442;130463;459508;52.13271;5.25024;Maarssen;11
WS-HDSR2019;G1904;Stichtse Vecht;WK190412;Maarssenbroek;BU19041204;Boomstede;0333100000017447;Scouting clubgebouw De Shelter;van Essen, H.P.;Water Natuurlijk;0;130839;459328;52.12164;5.03442;130202;460563;52.12164;5.03442;130463;459508;52.13271;5.25024;Maarssen;11
WS-HDSR2019;G1904;Stichtse Vecht;WK190412;Maarssenbroek;BU19041204;Boomstede;0333100000017447;Scouting clubgebouw De Shelter;Snoeren, P.W.M.;Water Natuurlijk;1;130839;459328;52.12164;5.03442;130202;460563;52.12164;5.03442;130463;459508;52.13271;5.25024;Maarssen;11
WS-HDSR2019;G1904;Stichtse Vecht;WK190412;Maarssenbroek;BU19041204;Boomstede;0333100000017447;Scouting clubgebouw De Shelter;Groenendijk, S.;VVD;112;130839;459328;52.12164;5.03442;130202;460563;52.12164;5.03442;130463;459508;52.13271;5.25024;Maarssen;11
WS-HDSR2019;G1904;Stichtse Vecht;WK190412;Maarssenbroek;BU19041204;Boomstede;0333100000017447;Scouting clubgebouw De Shelter;van der Sterre, P.J.;VVD;0;130839;459328;52.12164;5.03442;130202;460563;52.12164;5.03442;130463;459508;52.13271;5.25024;Maarssen;11
WS-HDSR2019;G1904;Stichtse Vecht;WK190412;Maarssenbroek;BU19041204;Boomstede;0333100000017447;Scouting clubgebouw De Shelter;Eijsbroek, N.;VVD;5;130839;459328;52.12164;5.03442;130202;460563;52.12164;5.03442;130463;459508;52.13271;5.25024;Maarssen;11
WS-HDSR2019;G1904;Stichtse Vecht;WK190412;Maarssenbroek;BU19041204;Boomstede;0333100000017447;Scouting clubgebouw De Shelter;van Winden, A.J.;VVD;0;130839;459328;52.12164;5.03442;130202;460563;52.12164;5.03442;130463;459508;52.13271;5.25024;Maarssen;11
WS-HDSR2019;G1904;Stichtse Vecht;WK190412;Maarssenbroek;BU19041204;Boomstede;0333100000017447;Scouting clubgebouw De Shelter;van Baaren, J.;VVD;1;130839;459328;52.12164;5.03442;130202;460563;52.12164;5.03442;130463;459508;52.13271;5.25024;Maarssen;11
WS-HDSR2019;G1904;Stichtse Vecht;WK190412;Maarssenbroek;BU19041204;Boomstede;0333100000017447;Scouting clubgebouw De Shelter;Kapper, S.R.;VVD;0;130839;459328;52.12164;5.03442;130202;460563;52.12164;5.03442;130463;459508;52.13271;5.25024;Maarssen;11
WS-HDSR2019;G1904;Stichtse Vecht;WK190412;Maarssenbroek;BU19041204;Boomstede;0333100000017447;Scouting clubgebouw De Shelter;Michielsen, P.F.M.;VVD;0;130839;459328;52.12164;5.03442;130202;460563;52.12164;5.03442;130463;459508;52.13271;5.25024;Maarssen;11
WS-HDSR2019;G1904;Stichtse Vecht;WK190412;Maarssenbroek;BU19041204;Boomstede;0333100000017447;Scouting clubgebouw De Shelter;Trapman, E.G.J.H.;VVD;0;130839;459328;52.12164;5.03442;130202;460563;52.12164;5.03442;130463;459508;52.13271;5.25024;Maarssen;11
WS-HDSR2019;G1904;Stichtse Vecht;WK190412;Maarssenbroek;BU19041204;Boomstede;0333100000017447;Scouting clubgebouw De Shelter;de Jong, B.;CDA;55;130839;459328;52.12164;5.03442;130202;460563;52.12164;5.03442;130463;459508;52.13271;5.25024;Maarssen;11
WS-HDSR2019;G1904;Stichtse Vecht;WK190412;Maarssenbroek;BU19041204;Boomstede;0333100000017447;Scouting clubgebouw De Shelter;Sommer-de Vries, K.H.;CDA;12;130839;459328;52.12164;5.03442;130202;460563;52.12164;5.03442;130463;459508;52.13271;5.25024;Maarssen;11
WS-HDSR2019;G1904;Stichtse Vecht;WK190412;Maarssenbroek;BU19041204;Boomstede;0333100000017447;Scouting clubgebouw De Shelter;Droogers, J.A.G.W.;CDA;0;130839;459328;52.12164;5.03442;130202;460563;52.12164;5.03442;130463;459508;52.13271;5.25024;Maarssen;11
WS-HDSR2019;G1904;Stichtse Vecht;WK190412;Maarssenbroek;BU19041204;Boomstede;0333100000017447;Scouting clubgebouw De Shelter;Bakker, P.J.I.;CDA;1;130839;459328;52.12164;5.03442;130202;460563;52.12164;5.03442;130463;459508;52.13271;5.25024;Maarssen;11
WS-HDSR2019;G1904;Stichtse Vecht;WK190412;Maarssenbroek;BU19041204;Boomstede;0333100000017447;Scouting clubgebouw De Shelter;de Roos, T.L.;CDA;1;130839;459328;52.12164;5.03442;130202;460563;52.12164;5.03442;130463;459508;52.13271;5.25024;Maarssen;11
WS-HDSR2019;G1904;Stichtse Vecht;WK190412;Maarssenbroek;BU19041204;Boomstede;0333100000017447;Scouting clubgebouw De Shelter;Roorda, F.A.;CDA;1;130839;459328;52.12164;5.03442;130202;460563;52.12164;5.03442;130463;459508;52.13271;5.25024;Maarssen;11
WS-HDSR2019;G1904;Stichtse Vecht;WK190412;Maarssenbroek;BU19041204;Boomstede;0333100000017447;Scouting clubgebouw De Shelter;Adriani-Wempe, H.J.;CDA;2;130839;459328;52.12164;5.03442;130202;460563;52.12164;5.03442;130463;459508;52.13271;5.25024;Maarssen;11
WS-HDSR2019;G1904;Stichtse Vecht;WK190412;Maarssenbroek;BU19041204;Boomstede;0333100000017447;Scouting clubgebouw De Shelter;Verbij, A.L.G.;CDA;0;130839;459328;52.12164;5.03442;130202;460563;52.12164;5.03442;130463;459508;52.13271;5.25024;Maarssen;11
WS-HDSR2019;G1904;Stichtse Vecht;WK190412;Maarssenbroek;BU19041204;Boomstede;0333100000017447;Scouting clubgebouw De Shelter;van Arendonk, L.A.A.M.;CDA;0;130839;459328;52.12164;5.03442;130202;460563;52.12164;5.03442;130463;459508;52.13271;5.25024;Maarssen;11
WS-HDSR2019;G1904;Stichtse Vecht;WK190412;Maarssenbroek;BU19041204;Boomstede;0333100000017447;Scouting clubgebouw De Shelter;van Petersen, H.G.J.;CDA;0;130839;459328;52.12164;5.03442;130202;460563;52.12164;5.03442;130463;459508;52.13271;5.25024;Maarssen;11
WS-HDSR2019;G1904;Stichtse Vecht;WK190412;Maarssenbroek;BU19041204;Boomstede;0333100000017447;Scouting clubgebouw De Shelter;Vinkenburg, J.H.W.M.;CDA;0;130839;459328;52.12164;5.03442;130202;460563;52.12164;5.03442;130463;459508;52.13271;5.25024;Maarssen;11
WS-HDSR2019;G1904;Stichtse Vecht;WK190412;Maarssenbroek;BU19041204;Boomstede;0333100000017447;Scouting clubgebouw De Shelter;van der Spek, W.J.;CDA;0;130839;459328;52.12164;5.03442;130202;460563;52.12164;5.03442;130463;459508;52.13271;5.25024;Maarssen;11
WS-HDSR2019;G1904;Stichtse Vecht;WK190412;Maarssenbroek;BU19041204;Boomstede;0333100000017447;Scouting clubgebouw De Shelter;de Regt, A.M.;CDA;0;130839;459328;52.12164;5.03442;130202;460563;52.12164;5.03442;130463;459508;52.13271;5.25024;Maarssen;11
WS-HDSR2019;G1904;Stichtse Vecht;WK190412;Maarssenbroek;BU19041204;Boomstede;0333100000017447;Scouting clubgebouw De Shelter;Overbeek, K.B.J.;CDA;17;130839;459328;52.12164;5.03442;130202;460563;52.12164;5.03442;130463;459508;52.13271;5.25024;Maarssen;11
WS-HDSR2019;G1904;Stichtse Vecht;WK190412;Maarssenbroek;BU19041204;Boomstede;0333100000017447;Scouting clubgebouw De Shelter;Jonkers, C.A.;CDA;0;130839;459328;52.12164;5.03442;130202;460563;52.12164;5.03442;130463;459508;52.13271;5.25024;Maarssen;11
WS-HDSR2019;G1904;Stichtse Vecht;WK190412;Maarssenbroek;BU19041204;Boomstede;0333100000017447;Scouting clubgebouw De Shelter;Bunnik, R.P.;CDA;0;130839;459328;52.12164;5.03442;130202;460563;52.12164;5.03442;130463;459508;52.13271;5.25024;Maarssen;11
WS-HDSR2019;G1904;Stichtse Vecht;WK190412;Maarssenbroek;BU19041204;Boomstede;0333100000017447;Scouting clubgebouw De Shelter;van der Honing, H.;CDA;0;130839;459328;52.12164;5.03442;130202;460563;52.12164;5.03442;130463;459508;52.13271;5.25024;Maarssen;11
WS-HDSR2019;G1904;Stichtse Vecht;WK190412;Maarssenbroek;BU19041204;Boomstede;0333100000017447;Scouting clubgebouw De Shelter;Keestra, J.M.;CDA;0;130839;459328;52.12164;5.03442;130202;460563;52.12164;5.03442;130463;459508;52.13271;5.25024;Maarssen;11
WS-HDSR2019;G1904;Stichtse Vecht;WK190412;Maarssenbroek;BU19041204;Boomstede;0333100000017447;Scouting clubgebouw De Shelter;van Wijk, W.A.M.;CDA;0;130839;459328;52.12164;5.03442;130202;460563;52.12164;5.03442;130463;459508;52.13271;5.25024;Maarssen;11
WS-HDSR2019;G1904;Stichtse Vecht;WK190412;Maarssenbroek;BU19041204;Boomstede;0333100000017447;Scouting clubgebouw De Shelter;Vernie, L.N.;CDA;0;130839;459328;52.12164;5.03442;130202;460563;52.12164;5.03442;130463;459508;52.13271;5.25024;Maarssen;11
WS-HDSR2019;G1904;Stichtse Vecht;WK190412;Maarssenbroek;BU19041204;Boomstede;0333100000017447;Scouting clubgebouw De Shelter;Tiggeloven, A.B.M.;CDA;0;130839;459328;52.12164;5.03442;130202;460563;52.12164;5.03442;130463;459508;52.13271;5.25024;Maarssen;11
WS-HDSR2019;G1904;Stichtse Vecht;WK190412;Maarssenbroek;BU19041204;Boomstede;0333100000017447;Scouting clubgebouw De Shelter;Muijs, A.J.A.;CDA;1;130839;459328;52.12164;5.03442;130202;460563;52.12164;5.03442;130463;459508;52.13271;5.25024;Maarssen;11
WS-HDSR2019;G1904;Stichtse Vecht;WK190412;Maarssenbroek;BU19041204;Boomstede;0333100000017447;Scouting clubgebouw De Shelter;van Kippersluis, F.P.;CDA;0;130839;459328;52.12164;5.03442;130202;460563;52.12164;5.03442;130463;459508;52.13271;5.25024;Maarssen;11
WS-HDSR2019;G1904;Stichtse Vecht;WK190412;Maarssenbroek;BU19041204;Boomstede;0333100000017447;Scouting clubgebouw De Shelter;Migchels, G.;CDA;0;130839;459328;52.12164;5.03442;130202;460563;52.12164;5.03442;130463;459508;52.13271;5.25024;Maarssen;11
WS-HDSR2019;G1904;Stichtse Vecht;WK190412;Maarssenbroek;BU19041204;Boomstede;0333100000017447;Scouting clubgebouw De Shelter;Baars, J.G.;CDA;0;130839;459328;52.12164;5.03442;130202;460563;52.12164;5.03442;130463;459508;52.13271;5.25024;Maarssen;11
WS-HDSR2019;G1904;Stichtse Vecht;WK190412;Maarssenbroek;BU19041204;Boomstede;0333100000017447;Scouting clubgebouw De Shelter;Blom-Oosterhoff, R.C.;CDA;0;130839;459328;52.12164;5.03442;130202;460563;52.12164;5.03442;130463;459508;52.13271;5.25024;Maarssen;11
WS-HDSR2019;G1904;Stichtse Vecht;WK190412;Maarssenbroek;BU19041204;Boomstede;0333100000017447;Scouting clubgebouw De Shelter;Jansen op de Haar, C.G.;Partij van de Arbeid (P.v.d.A.);28;130839;459328;52.12164;5.03442;130202;460563;52.12164;5.03442;130463;459508;52.13271;5.25024;Maarssen;11
WS-HDSR2019;G1904;Stichtse Vecht;WK190412;Maarssenbroek;BU19041204;Boomstede;0333100000017447;Scouting clubgebouw De Shelter;van Zoelen, N.M.;Partij van de Arbeid (P.v.d.A.);17;130839;459328;52.12164;5.03442;130202;460563;52.12164;5.03442;130463;459508;52.13271;5.25024;Maarssen;11
WS-HDSR2019;G1904;Stichtse Vecht;WK190412;Maarssenbroek;BU19041204;Boomstede;0333100000017447;Scouting clubgebouw De Shelter;van Bork, F.J.;Partij van de Arbeid (P.v.d.A.);0;130839;459328;52.12164;5.03442;130202;460563;52.12164;5.03442;130463;459508;52.13271;5.25024;Maarssen;11
WS-HDSR2019;G1904;Stichtse Vecht;WK190412;Maarssenbroek;BU19041204;Boomstede;0333100000017447;Scouting clubgebouw De Shelter;Heesen, W.A.;Partij van de Arbeid (P.v.d.A.);0;130839;459328;52.12164;5.03442;130202;460563;52.12164;5.03442;130463;459508;52.13271;5.25024;Maarssen;11
WS-HDSR2019;G1904;Stichtse Vecht;WK190412;Maarssenbroek;BU19041204;Boomstede;0333100000017447;Scouting clubgebouw De Shelter;Reerink, J.G.M.;Partij van de Arbeid (P.v.d.A.);0;130839;459328;52.12164;5.03442;130202;460563;52.12164;5.03442;130463;459508;52.13271;5.25024;Maarssen;11
WS-HDSR2019;G1904;Stichtse Vecht;WK190412;Maarssenbroek;BU19041204;Boomstede;0333100000017447;Scouting clubgebouw De Shelter;Mulder, G.G.J.;Partij van de Arbeid (P.v.d.A.);0;130839;459328;52.12164;5.03442;130202;460563;52.12164;5.03442;130463;459508;52.13271;5.25024;Maarssen;11
WS-HDSR2019;G1904;Stichtse Vecht;WK190412;Maarssenbroek;BU19041204;Boomstede;0333100000017447;Scouting clubgebouw De Shelter;Steen, J.H.;Partij van de Arbeid (P.v.d.A.);0;130839;459328;52.12164;5.03442;130202;460563;52.12164;5.03442;130463;459508;52.13271;5.25024;Maarssen;11
WS-HDSR2019;G1904;Stichtse Vecht;WK190412;Maarssenbroek;BU19041204;Boomstede;0333100000017447;Scouting clubgebouw De Shelter;Jeddaoui, S.;Partij van de Arbeid (P.v.d.A.);8;130839;459328;52.12164;5.03442;130202;460563;52.12164;5.03442;130463;459508;52.13271;5.25024;Maarssen;11
WS-HDSR2019;G1904;Stichtse Vecht;WK190412;Maarssenbroek;BU19041204;Boomstede;0333100000017447;Scouting clubgebouw De Shelter;Meijerink, M.S.J.;Partij van de Arbeid (P.v.d.A.);0;130839;459328;52.12164;5.03442;130202;460563;52.12164;5.03442;130463;459508;52.13271;5.25024;Maarssen;11
WS-HDSR2019;G1904;Stichtse Vecht;WK190412;Maarssenbroek;BU19041204;Boomstede;0333100000017447;Scouting clubgebouw De Shelter;Dubbink, J.;Partij van de Arbeid (P.v.d.A.);1;130839;459328;52.12164;5.03442;130202;460563;52.12164;5.03442;130463;459508;52.13271;5.25024;Maarssen;11
WS-HDSR2019;G1904;Stichtse Vecht;WK190412;Maarssenbroek;BU19041204;Boomstede;0333100000017447;Scouting clubgebouw De Shelter;Kaas, D.;Partij van de Arbeid (P.v.d.A.);0;130839;459328;52.12164;5.03442;130202;460563;52.12164;5.03442;130463;459508;52.13271;5.25024;Maarssen;11
WS-HDSR2019;G1904;Stichtse Vecht;WK190412;Maarssenbroek;BU19041204;Boomstede;0333100000017447;Scouting clubgebouw De Shelter;van Dijk, M.J.;Partij van de Arbeid (P.v.d.A.);6;130839;459328;52.12164;5.03442;130202;460563;52.12164;5.03442;130463;459508;52.13271;5.25024;Maarssen;11
WS-HDSR2019;G1904;Stichtse Vecht;WK190412;Maarssenbroek;BU19041204;Boomstede;0333100000017447;Scouting clubgebouw De Shelter;Boer, A.;Partij van de Arbeid (P.v.d.A.);0;130839;459328;52.12164;5.03442;130202;460563;52.12164;5.03442;130463;459508;52.13271;5.25024;Maarssen;11
WS-HDSR2019;G1904;Stichtse Vecht;WK190412;Maarssenbroek;BU19041204;Boomstede;0333100000017447;Scouting clubgebouw De Shelter;Dibi, B.;Partij van de Arbeid (P.v.d.A.);0;130839;459328;52.12164;5.03442;130202;460563;52.12164;5.03442;130463;459508;52.13271;5.25024;Maarssen;11
WS-HDSR2019;G1904;Stichtse Vecht;WK190412;Maarssenbroek;BU19041204;Boomstede;0333100000017447;Scouting clubgebouw De Shelter;van Hoof-Ward, M.;Partij van de Arbeid (P.v.d.A.);0;130839;459328;52.12164;5.03442;130202;460563;52.12164;5.03442;130463;459508;52.13271;5.25024;Maarssen;11
WS-HDSR2019;G1904;Stichtse Vecht;WK190412;Maarssenbroek;BU19041204;Boomstede;0333100000017447;Scouting clubgebouw De Shelter;van Alfen, I.H.;Partij van de Arbeid (P.v.d.A.);0;130839;459328;52.12164;5.03442;130202;460563;52.12164;5.03442;130463;459508;52.13271;5.25024;Maarssen;11
WS-HDSR2019;G1904;Stichtse Vecht;WK190412;Maarssenbroek;BU19041204;Boomstede;0333100000017447;Scouting clubgebouw De Shelter;Vellekoop, L.E.C.;Partij van de Arbeid (P.v.d.A.);0;130839;459328;52.12164;5.03442;130202;460563;52.12164;5.03442;130463;459508;52.13271;5.25024;Maarssen;11
WS-HDSR2019;G1904;Stichtse Vecht;WK190412;Maarssenbroek;BU19041204;Boomstede;0333100000017447;Scouting clubgebouw De Shelter;Travaille, A.;Partij voor de Dieren;52;130839;459328;52.12164;5.03442;130202;460563;52.12164;5.03442;130463;459508;52.13271;5.25024;Maarssen;11
WS-HDSR2019;G1904;Stichtse Vecht;WK190412;Maarssenbroek;BU19041204;Boomstede;0333100000017447;Scouting clubgebouw De Shelter;van der Steeg, W.;Partij voor de Dieren;6;130839;459328;52.12164;5.03442;130202;460563;52.12164;5.03442;130463;459508;52.13271;5.25024;Maarssen;11
WS-HDSR2019;G1904;Stichtse Vecht;WK190412;Maarssenbroek;BU19041204;Boomstede;0333100000017447;Scouting clubgebouw De Shelter;van der Kruk, R.;Partij voor de Dieren;1;130839;459328;52.12164;5.03442;130202;460563;52.12164;5.03442;130463;459508;52.13271;5.25024;Maarssen;11
WS-HDSR2019;G1904;Stichtse Vecht;WK190412;Maarssenbroek;BU19041204;Boomstede;0333100000017447;Scouting clubgebouw De Shelter;Dam, F.;Partij voor de Dieren;2;130839;459328;52.12164;5.03442;130202;460563;52.12164;5.03442;130463;459508;52.13271;5.25024;Maarssen;11
WS-HDSR2019;G1904;Stichtse Vecht;WK190412;Maarssenbroek;BU19041204;Boomstede;0333100000017447;Scouting clubgebouw De Shelter;Hendriks, M.A.;Partij voor de Dieren;5;130839;459328;52.12164;5.03442;130202;460563;52.12164;5.03442;130463;459508;52.13271;5.25024;Maarssen;11
WS-HDSR2019;G1904;Stichtse Vecht;WK190412;Maarssenbroek;BU19041204;Boomstede;0333100000017447;Scouting clubgebouw De Shelter;Korteweg, E.I.;Partij voor de Dieren;0;130839;459328;52.12164;5.03442;130202;460563;52.12164;5.03442;130463;459508;52.13271;5.25024;Maarssen;11
WS-HDSR2019;G1904;Stichtse Vecht;WK190412;Maarssenbroek;BU19041204;Boomstede;0333100000017447;Scouting clubgebouw De Shelter;Verkleij-Torenbeek, C.;Partij voor de Dieren;0;130839;459328;52.12164;5.03442;130202;460563;52.12164;5.03442;130463;459508;52.13271;5.25024;Maarssen;11
WS-HDSR2019;G1904;Stichtse Vecht;WK190412;Maarssenbroek;BU19041204;Boomstede;0333100000017447;Scouting clubgebouw De Shelter;Oskam, S.W.;Partij voor de Dieren;1;130839;459328;52.12164;5.03442;130202;460563;52.12164;5.03442;130463;459508;52.13271;5.25024;Maarssen;11
WS-HDSR2019;G1904;Stichtse Vecht;WK190412;Maarssenbroek;BU19041204;Boomstede;0333100000017447;Scouting clubgebouw De Shelter;Bodewitz, W.A.;Partij voor de Dieren;1;130839;459328;52.12164;5.03442;130202;460563;52.12164;5.03442;130463;459508;52.13271;5.25024;Maarssen;11
WS-HDSR2019;G1904;Stichtse Vecht;WK190412;Maarssenbroek;BU19041204;Boomstede;0333100000017447;Scouting clubgebouw De Shelter;Verkaik, E.;Waterschap@inwonersbelangen;15;130839;459328;52.12164;5.03442;130202;460563;52.12164;5.03442;130463;459508;52.13271;5.25024;Maarssen;11
WS-HDSR2019;G1904;Stichtse Vecht;WK190412;Maarssenbroek;BU19041204;Boomstede;0333100000017447;Scouting clubgebouw De Shelter;Ketting, H.B.G.;Waterschap@inwonersbelangen;13;130839;459328;52.12164;5.03442;130202;460563;52.12164;5.03442;130463;459508;52.13271;5.25024;Maarssen;11
WS-HDSR2019;G1904;Stichtse Vecht;WK190412;Maarssenbroek;BU19041204;Boomstede;0333100000017447;Scouting clubgebouw De Shelter;Haaxma, A.;Waterschap@inwonersbelangen;3;130839;459328;52.12164;5.03442;130202;460563;52.12164;5.03442;130463;459508;52.13271;5.25024;Maarssen;11
WS-HDSR2019;G1904;Stichtse Vecht;WK190412;Maarssenbroek;BU19041204;Boomstede;0333100000017447;Scouting clubgebouw De Shelter;Zandbergen, G.;Waterschap@inwonersbelangen;0;130839;459328;52.12164;5.03442;130202;460563;52.12164;5.03442;130463;459508;52.13271;5.25024;Maarssen;11
WS-HDSR2019;G1904;Stichtse Vecht;WK190412;Maarssenbroek;BU19041204;Boomstede;0333100000017447;Scouting clubgebouw De Shelter;van Leeuwen-van der Horst, L.P.T.;Waterschap@inwonersbelangen;0;130839;459328;52.12164;5.03442;130202;460563;52.12164;5.03442;130463;459508;52.13271;5.25024;Maarssen;11
WS-HDSR2019;G1904;Stichtse Vecht;WK190412;Maarssenbroek;BU19041204;Boomstede;0333100000017447;Scouting clubgebouw De Shelter;van der Does, J.C.;Waterschap@inwonersbelangen;0;130839;459328;52.12164;5.03442;130202;460563;52.12164;5.03442;130463;459508;52.13271;5.25024;Maarssen;11
WS-HDSR2019;G1904;Stichtse Vecht;WK190412;Maarssenbroek;BU19041204;Boomstede;0333100000017447;Scouting clubgebouw De Shelter;van Niel, D.A.;Waterschap@inwonersbelangen;1;130839;459328;52.12164;5.03442;130202;460563;52.12164;5.03442;130463;459508;52.13271;5.25024;Maarssen;11
WS-HDSR2019;G1904;Stichtse Vecht;WK190412;Maarssenbroek;BU19041204;Boomstede;0333100000017447;Scouting clubgebouw De Shelter;Borst-Kruithof, K.;Waterschap@inwonersbelangen;0;130839;459328;52.12164;5.03442;130202;460563;52.12164;5.03442;130463;459508;52.13271;5.25024;Maarssen;11
WS-HDSR2019;G1904;Stichtse Vecht;WK190412;Maarssenbroek;BU19041204;Boomstede;0333100000017447;Scouting clubgebouw De Shelter;Voorendt, T.C.M.;Waterschap@inwonersbelangen;0;130839;459328;52.12164;5.03442;130202;460563;52.12164;5.03442;130463;459508;52.13271;5.25024;Maarssen;11
WS-HDSR2019;G1904;Stichtse Vecht;WK190412;Maarssenbroek;BU19041204;Boomstede;0333100000017447;Scouting clubgebouw De Shelter;de With, F.;Waterschap@inwonersbelangen;0;130839;459328;52.12164;5.03442;130202;460563;52.12164;5.03442;130463;459508;52.13271;5.25024;Maarssen;11
WS-HDSR2019;G1904;Stichtse Vecht;WK190412;Maarssenbroek;BU19041204;Boomstede;0333100000017447;Scouting clubgebouw De Shelter;Boer, W.J.;Waterschap@inwonersbelangen;1;130839;459328;52.12164;5.03442;130202;460563;52.12164;5.03442;130463;459508;52.13271;5.25024;Maarssen;11
WS-HDSR2019;G1904;Stichtse Vecht;WK190412;Maarssenbroek;BU19041204;Boomstede;0333100000017447;Scouting clubgebouw De Shelter;Verkaik, L.J.C.;Waterschap@inwonersbelangen;0;130839;459328;52.12164;5.03442;130202;460563;52.12164;5.03442;130463;459508;52.13271;5.25024;Maarssen;11
WS-HDSR2019;G1904;Stichtse Vecht;WK190412;Maarssenbroek;BU19041204;Boomstede;0333100000017447;Scouting clubgebouw De Shelter;Streekstra, S.;Waterschap@inwonersbelangen;0;130839;459328;52.12164;5.03442;130202;460563;52.12164;5.03442;130463;459508;52.13271;5.25024;Maarssen;11
WS-HDSR2019;G1904;Stichtse Vecht;WK190412;Maarssenbroek;BU19041204;Boomstede;0333100000017447;Scouting clubgebouw De Shelter;van Kranenburg, C.J.;ChristenUnie;16;130839;459328;52.12164;5.03442;130202;460563;52.12164;5.03442;130463;459508;52.13271;5.25024;Maarssen;11
WS-HDSR2019;G1904;Stichtse Vecht;WK190412;Maarssenbroek;BU19041204;Boomstede;0333100000017447;Scouting clubgebouw De Shelter;van de Belt, D.;ChristenUnie;0;130839;459328;52.12164;5.03442;130202;460563;52.12164;5.03442;130463;459508;52.13271;5.25024;Maarssen;11
WS-HDSR2019;G1904;Stichtse Vecht;WK190412;Maarssenbroek;BU19041204;Boomstede;0333100000017447;Scouting clubgebouw De Shelter;Pleijsier, C.S.;ChristenUnie;9;130839;459328;52.12164;5.03442;130202;460563;52.12164;5.03442;130463;459508;52.13271;5.25024;Maarssen;11
WS-HDSR2019;G1904;Stichtse Vecht;WK190412;Maarssenbroek;BU19041204;Boomstede;0333100000017447;Scouting clubgebouw De Shelter;Zeef, P.H.H.;ChristenUnie;0;130839;459328;52.12164;5.03442;130202;460563;52.12164;5.03442;130463;459508;52.13271;5.25024;Maarssen;11
WS-HDSR2019;G1904;Stichtse Vecht;WK190412;Maarssenbroek;BU19041204;Boomstede;0333100000017447;Scouting clubgebouw De Shelter;Voortman, D.G.J.;ChristenUnie;0;130839;459328;52.12164;5.03442;130202;460563;52.12164;5.03442;130463;459508;52.13271;5.25024;Maarssen;11
WS-HDSR2019;G1904;Stichtse Vecht;WK190412;Maarssenbroek;BU19041204;Boomstede;0333100000017447;Scouting clubgebouw De Shelter;Snoek, H.C.;ChristenUnie;1;130839;459328;52.12164;5.03442;130202;460563;52.12164;5.03442;130463;459508;52.13271;5.25024;Maarssen;11
WS-HDSR2019;G1904;Stichtse Vecht;WK190412;Maarssenbroek;BU19041204;Boomstede;0333100000017447;Scouting clubgebouw De Shelter;van der Grift, C.M.;ChristenUnie;0;130839;459328;52.12164;5.03442;130202;460563;52.12164;5.03442;130463;459508;52.13271;5.25024;Maarssen;11
WS-HDSR2019;G1904;Stichtse Vecht;WK190412;Maarssenbroek;BU19041204;Boomstede;0333100000017447;Scouting clubgebouw De Shelter;Reinders, M.J.;ChristenUnie;2;130839;459328;52.12164;5.03442;130202;460563;52.12164;5.03442;130463;459508;52.13271;5.25024;Maarssen;11
WS-HDSR2019;G1904;Stichtse Vecht;WK190412;Maarssenbroek;BU19041204;Boomstede;0333100000017447;Scouting clubgebouw De Shelter;Benders-Molenaar, M.;ChristenUnie;0;130839;459328;52.12164;5.03442;130202;460563;52.12164;5.03442;130463;459508;52.13271;5.25024;Maarssen;11
WS-HDSR2019;G1904;Stichtse Vecht;WK190412;Maarssenbroek;BU19041204;Boomstede;0333100000017447;Scouting clubgebouw De Shelter;van Wijnen, D.A.;ChristenUnie;0;130839;459328;52.12164;5.03442;130202;460563;52.12164;5.03442;130463;459508;52.13271;5.25024;Maarssen;11
WS-HDSR2019;G1904;Stichtse Vecht;WK190412;Maarssenbroek;BU19041204;Boomstede;0333100000017447;Scouting clubgebouw De Shelter;Voorberg, C.Z.;ChristenUnie;0;130839;459328;52.12164;5.03442;130202;460563;52.12164;5.03442;130463;459508;52.13271;5.25024;Maarssen;11
WS-HDSR2019;G1904;Stichtse Vecht;WK190412;Maarssenbroek;BU19041204;Boomstede;0333100000017447;Scouting clubgebouw De Shelter;Roetman, I.C.;ChristenUnie;10;130839;459328;52.12164;5.03442;130202;460563;52.12164;5.03442;130463;459508;52.13271;5.25024;Maarssen;11
WS-HDSR2019;G1904;Stichtse Vecht;WK190412;Maarssenbroek;BU19041204;Boomstede;0333100000017447;Scouting clubgebouw De Shelter;Wentink, A.G.;ChristenUnie;0;130839;459328;52.12164;5.03442;130202;460563;52.12164;5.03442;130463;459508;52.13271;5.25024;Maarssen;11
WS-HDSR2019;G1904;Stichtse Vecht;WK190412;Maarssenbroek;BU19041204;Boomstede;0333100000017447;Scouting clubgebouw De Shelter;Pape-van Genderen, C.A.;ChristenUnie;0;130839;459328;52.12164;5.03442;130202;460563;52.12164;5.03442;130463;459508;52.13271;5.25024;Maarssen;11
WS-HDSR2019;G1904;Stichtse Vecht;WK190412;Maarssenbroek;BU19041204;Boomstede;0333100000017447;Scouting clubgebouw De Shelter;Taute, G.;ChristenUnie;0;130839;459328;52.12164;5.03442;130202;460563;52.12164;5.03442;130463;459508;52.13271;5.25024;Maarssen;11
WS-HDSR2019;G1904;Stichtse Vecht;WK190412;Maarssenbroek;BU19041204;Boomstede;0333100000017447;Scouting clubgebouw De Shelter;Meijer, J.H.;ChristenUnie;0;130839;459328;52.12164;5.03442;130202;460563;52.12164;5.03442;130463;459508;52.13271;5.25024;Maarssen;11
WS-HDSR2019;G1904;Stichtse Vecht;WK190412;Maarssenbroek;BU19041204;Boomstede;0333100000017447;Scouting clubgebouw De Shelter;van Dalen-van Hierden, B.;ChristenUnie;1;130839;459328;52.12164;5.03442;130202;460563;52.12164;5.03442;130463;459508;52.13271;5.25024;Maarssen;11
WS-HDSR2019;G1904;Stichtse Vecht;WK190412;Maarssenbroek;BU19041204;Boomstede;0333100000017447;Scouting clubgebouw De Shelter;van der Ven, A.;ChristenUnie;0;130839;459328;52.12164;5.03442;130202;460563;52.12164;5.03442;130463;459508;52.13271;5.25024;Maarssen;11
WS-HDSR2019;G1904;Stichtse Vecht;WK190412;Maarssenbroek;BU19041204;Boomstede;0333100000017447;Scouting clubgebouw De Shelter;van Utrecht, D.;ChristenUnie;0;130839;459328;52.12164;5.03442;130202;460563;52.12164;5.03442;130463;459508;52.13271;5.25024;Maarssen;11
WS-HDSR2019;G1904;Stichtse Vecht;WK190412;Maarssenbroek;BU19041204;Boomstede;0333100000017447;Scouting clubgebouw De Shelter;Lont, B.C.;ChristenUnie;0;130839;459328;52.12164;5.03442;130202;460563;52.12164;5.03442;130463;459508;52.13271;5.25024;Maarssen;11
WS-HDSR2019;G1904;Stichtse Vecht;WK190412;Maarssenbroek;BU19041204;Boomstede;0333100000017447;Scouting clubgebouw De Shelter;Bos, P.W.;ChristenUnie;1;130839;459328;52.12164;5.03442;130202;460563;52.12164;5.03442;130463;459508;52.13271;5.25024;Maarssen;11
WS-HDSR2019;G1904;Stichtse Vecht;WK190412;Maarssenbroek;BU19041204;Boomstede;0333100000017447;Scouting clubgebouw De Shelter;Kool, A.;ChristenUnie;0;130839;459328;52.12164;5.03442;130202;460563;52.12164;5.03442;130463;459508;52.13271;5.25024;Maarssen;11
WS-HDSR2019;G1904;Stichtse Vecht;WK190412;Maarssenbroek;BU19041204;Boomstede;0333100000017447;Scouting clubgebouw De Shelter;Schaddelee, A.J.;ChristenUnie;0;130839;459328;52.12164;5.03442;130202;460563;52.12164;5.03442;130463;459508;52.13271;5.25024;Maarssen;11
WS-HDSR2019;G1904;Stichtse Vecht;WK190412;Maarssenbroek;BU19041204;Boomstede;0333100000017447;Scouting clubgebouw De Shelter;Dieperink, C.;AWP niet politiek, wel deskundig;36;130839;459328;52.12164;5.03442;130202;460563;52.12164;5.03442;130463;459508;52.13271;5.25024;Maarssen;11
WS-HDSR2019;G1904;Stichtse Vecht;WK190412;Maarssenbroek;BU19041204;Boomstede;0333100000017447;Scouting clubgebouw De Shelter;Verweij, J.P.;AWP niet politiek, wel deskundig;0;130839;459328;52.12164;5.03442;130202;460563;52.12164;5.03442;130463;459508;52.13271;5.25024;Maarssen;11
WS-HDSR2019;G1904;Stichtse Vecht;WK190412;Maarssenbroek;BU19041204;Boomstede;0333100000017447;Scouting clubgebouw De Shelter;Moinier, S.;AWP niet politiek, wel deskundig;7;130839;459328;52.12164;5.03442;130202;460563;52.12164;5.03442;130463;459508;52.13271;5.25024;Maarssen;11
WS-HDSR2019;G1904;Stichtse Vecht;WK190412;Maarssenbroek;BU19041204;Boomstede;0333100000017447;Scouting clubgebouw De Shelter;Heidema, A.;AWP niet politiek, wel deskundig;0;130839;459328;52.12164;5.03442;130202;460563;52.12164;5.03442;130463;459508;52.13271;5.25024;Maarssen;11
WS-HDSR2019;G1904;Stichtse Vecht;WK190412;Maarssenbroek;BU19041204;Boomstede;0333100000017447;Scouting clubgebouw De Shelter;Keessen, A.M.;AWP niet politiek, wel deskundig;1;130839;459328;52.12164;5.03442;130202;460563;52.12164;5.03442;130463;459508;52.13271;5.25024;Maarssen;11
WS-HDSR2019;G1904;Stichtse Vecht;WK190412;Maarssenbroek;BU19041204;Boomstede;0333100000017447;Scouting clubgebouw De Shelter;Moor, J.A.P.M.;AWP niet politiek, wel deskundig;0;130839;459328;52.12164;5.03442;130202;460563;52.12164;5.03442;130463;459508;52.13271;5.25024;Maarssen;11
WS-HDSR2019;G1904;Stichtse Vecht;WK190412;Maarssenbroek;BU19041204;Boomstede;0333100000017447;Scouting clubgebouw De Shelter;de Leeuw-Bosch, E.;AWP niet politiek, wel deskundig;0;130839;459328;52.12164;5.03442;130202;460563;52.12164;5.03442;130463;459508;52.13271;5.25024;Maarssen;11
WS-HDSR2019;G1904;Stichtse Vecht;WK190412;Maarssenbroek;BU19041204;Boomstede;0333100000017447;Scouting clubgebouw De Shelter;Koop, S.H.A.;AWP niet politiek, wel deskundig;1;130839;459328;52.12164;5.03442;130202;460563;52.12164;5.03442;130463;459508;52.13271;5.25024;Maarssen;11
WS-HDSR2019;G1904;Stichtse Vecht;WK190412;Maarssenbroek;BU19041204;Boomstede;0333100000017447;Scouting clubgebouw De Shelter;Hiemstra, A.;AWP niet politiek, wel deskundig;0;130839;459328;52.12164;5.03442;130202;460563;52.12164;5.03442;130463;459508;52.13271;5.25024;Maarssen;11
WS-HDSR2019;G1904;Stichtse Vecht;WK190412;Maarssenbroek;BU19041204;Boomstede;0333100000017447;Scouting clubgebouw De Shelter;van der Veen, B.J.;AWP niet politiek, wel deskundig;1;130839;459328;52.12164;5.03442;130202;460563;52.12164;5.03442;130463;459508;52.13271;5.25024;Maarssen;11
WS-HDSR2019;G1904;Stichtse Vecht;WK190412;Maarssenbroek;BU19041204;Boomstede;0333100000017447;Scouting clubgebouw De Shelter;Gilissen, H.K.;AWP niet politiek, wel deskundig;0;130839;459328;52.12164;5.03442;130202;460563;52.12164;5.03442;130463;459508;52.13271;5.25024;Maarssen;11
WS-HDSR2019;G1904;Stichtse Vecht;WK190412;Maarssenbroek;BU19041204;Boomstede;0333100000017447;Scouting clubgebouw De Shelter;van Leeuwen, C.J.;AWP niet politiek, wel deskundig;0;130839;459328;52.12164;5.03442;130202;460563;52.12164;5.03442;130463;459508;52.13271;5.25024;Maarssen;11
WS-HDSR2019;G1904;Stichtse Vecht;WK190412;Maarssenbroek;BU19041204;Boomstede;0333100000017447;Scouting clubgebouw De Shelter;Jansen, A. E.;AWP niet politiek, wel deskundig;1;130839;459328;52.12164;5.03442;130202;460563;52.12164;5.03442;130463;459508;52.13271;5.25024;Maarssen;11
WS-HDSR2019;G1904;Stichtse Vecht;WK190412;Maarssenbroek;BU19041204;Boomstede;0333100000017447;Scouting clubgebouw De Shelter;van Os, F.;Staatkundig Gereformeerde Partij (SGP);9;130839;459328;52.12164;5.03442;130202;460563;52.12164;5.03442;130463;459508;52.13271;5.25024;Maarssen;11
WS-HDSR2019;G1904;Stichtse Vecht;WK190412;Maarssenbroek;BU19041204;Boomstede;0333100000017447;Scouting clubgebouw De Shelter;van Zetten, J.N.;Staatkundig Gereformeerde Partij (SGP);0;130839;459328;52.12164;5.03442;130202;460563;52.12164;5.03442;130463;459508;52.13271;5.25024;Maarssen;11
WS-HDSR2019;G1904;Stichtse Vecht;WK190412;Maarssenbroek;BU19041204;Boomstede;0333100000017447;Scouting clubgebouw De Shelter;van der Wind, J.J.;Staatkundig Gereformeerde Partij (SGP);0;130839;459328;52.12164;5.03442;130202;460563;52.12164;5.03442;130463;459508;52.13271;5.25024;Maarssen;11
WS-HDSR2019;G1904;Stichtse Vecht;WK190412;Maarssenbroek;BU19041204;Boomstede;0333100000017447;Scouting clubgebouw De Shelter;Verweij, K.C.;Staatkundig Gereformeerde Partij (SGP);0;130839;459328;52.12164;5.03442;130202;460563;52.12164;5.03442;130463;459508;52.13271;5.25024;Maarssen;11
WS-HDSR2019;G1904;Stichtse Vecht;WK190412;Maarssenbroek;BU19041204;Boomstede;0333100000017447;Scouting clubgebouw De Shelter;van Leeuwen, G.;Staatkundig Gereformeerde Partij (SGP);0;130839;459328;52.12164;5.03442;130202;460563;52.12164;5.03442;130463;459508;52.13271;5.25024;Maarssen;11
WS-HDSR2019;G1904;Stichtse Vecht;WK190412;Maarssenbroek;BU19041204;Boomstede;0333100000017447;Scouting clubgebouw De Shelter;de Groot, L.;Staatkundig Gereformeerde Partij (SGP);0;130839;459328;52.12164;5.03442;130202;460563;52.12164;5.03442;130463;459508;52.13271;5.25024;Maarssen;11
WS-HDSR2019;G1904;Stichtse Vecht;WK190412;Maarssenbroek;BU19041204;Boomstede;0333100000017447;Scouting clubgebouw De Shelter;Boonzaaijer, G.;Staatkundig Gereformeerde Partij (SGP);0;130839;459328;52.12164;5.03442;130202;460563;52.12164;5.03442;130463;459508;52.13271;5.25024;Maarssen;11
WS-HDSR2019;G1904;Stichtse Vecht;WK190412;Maarssenbroek;BU19041204;Boomstede;0333100000017447;Scouting clubgebouw De Shelter;Broere, J.;Staatkundig Gereformeerde Partij (SGP);0;130839;459328;52.12164;5.03442;130202;460563;52.12164;5.03442;130463;459508;52.13271;5.25024;Maarssen;11
WS-HDSR2019;G1904;Stichtse Vecht;WK190412;Maarssenbroek;BU19041204;Boomstede;0333100000017447;Scouting clubgebouw De Shelter;Marchal, J.;Staatkundig Gereformeerde Partij (SGP);0;130839;459328;52.12164;5.03442;130202;460563;52.12164;5.03442;130463;459508;52.13271;5.25024;Maarssen;11
WS-HDSR2019;G1904;Stichtse Vecht;WK190412;Maarssenbroek;BU19041204;Boomstede;0333100000017447;Scouting clubgebouw De Shelter;van Woudenberg, J.;Staatkundig Gereformeerde Partij (SGP);0;130839;459328;52.12164;5.03442;130202;460563;52.12164;5.03442;130463;459508;52.13271;5.25024;Maarssen;11
WS-HDSR2019;G1904;Stichtse Vecht;WK190412;Maarssenbroek;BU19041204;Boomstede;0333100000017447;Scouting clubgebouw De Shelter;Verduijn, A.;Staatkundig Gereformeerde Partij (SGP);0;130839;459328;52.12164;5.03442;130202;460563;52.12164;5.03442;130463;459508;52.13271;5.25024;Maarssen;11
WS-HDSR2019;G1904;Stichtse Vecht;WK190412;Maarssenbroek;BU19041204;Boomstede;0333100000017447;Scouting clubgebouw De Shelter;Rijneveld, C.;Staatkundig Gereformeerde Partij (SGP);0;130839;459328;52.12164;5.03442;130202;460563;52.12164;5.03442;130463;459508;52.13271;5.25024;Maarssen;11
WS-HDSR2019;G1904;Stichtse Vecht;WK190412;Maarssenbroek;BU19041204;Boomstede;0333100000017447;Scouting clubgebouw De Shelter;Doornenbal, G.;Staatkundig Gereformeerde Partij (SGP);0;130839;459328;52.12164;5.03442;130202;460563;52.12164;5.03442;130463;459508;52.13271;5.25024;Maarssen;11
WS-HDSR2019;G1904;Stichtse Vecht;WK190412;Maarssenbroek;BU19041204;Boomstede;0333100000017447;Scouting clubgebouw De Shelter;van Vulpen, C.;Staatkundig Gereformeerde Partij (SGP);0;130839;459328;52.12164;5.03442;130202;460563;52.12164;5.03442;130463;459508;52.13271;5.25024;Maarssen;11
WS-HDSR2019;G1904;Stichtse Vecht;WK190412;Maarssenbroek;BU19041204;Boomstede;0333100000017447;Scouting clubgebouw De Shelter;Benschop, J.W.;Staatkundig Gereformeerde Partij (SGP);0;130839;459328;52.12164;5.03442;130202;460563;52.12164;5.03442;130463;459508;52.13271;5.25024;Maarssen;11
WS-HDSR2019;G1904;Stichtse Vecht;WK190412;Maarssenbroek;BU19041204;Boomstede;0333100000017447;Scouting clubgebouw De Shelter;van den Hoek, R.P.J.J.;50PLUS;49;130839;459328;52.12164;5.03442;130202;460563;52.12164;5.03442;130463;459508;52.13271;5.25024;Maarssen;11
WS-HDSR2019;G1904;Stichtse Vecht;WK190412;Maarssenbroek;BU19041204;Boomstede;0333100000017447;Scouting clubgebouw De Shelter;Schalkwijk, G.M.;50PLUS;16;130839;459328;52.12164;5.03442;130202;460563;52.12164;5.03442;130463;459508;52.13271;5.25024;Maarssen;11
WS-HDSR2019;G1904;Stichtse Vecht;WK190412;Maarssenbroek;BU19041204;Boomstede;0333100000017447;Scouting clubgebouw De Shelter;de Mol, S.A.;50PLUS;3;130839;459328;52.12164;5.03442;130202;460563;52.12164;5.03442;130463;459508;52.13271;5.25024;Maarssen;11
WS-HDSR2019;G1904;Stichtse Vecht;WK190412;Maarssenbroek;BU19041204;Boomstede;0333100000017447;Scouting clubgebouw De Shelter;Schifferling, J.H.;50PLUS;1;130839;459328;52.12164;5.03442;130202;460563;52.12164;5.03442;130463;459508;52.13271;5.25024;Maarssen;11
WS-HDSR2019;G1904;Stichtse Vecht;WK190412;Maarssenbroek;BU19041204;Boomstede;0333100000017447;Scouting clubgebouw De Shelter;Cornelissen, M.P.J.;50PLUS;2;130839;459328;52.12164;5.03442;130202;460563;52.12164;5.03442;130463;459508;52.13271;5.25024;Maarssen;11
WS-HDSR2019;G1904;Stichtse Vecht;WK190412;Maarssenbroek;BU19041204;Boomstede;0333100000017447;Scouting clubgebouw De Shelter;Postma, R.;50PLUS;4;130839;459328;52.12164;5.03442;130202;460563;52.12164;5.03442;130463;459508;52.13271;5.25024;Maarssen;11
WS-HDSR2019;G1904;Stichtse Vecht;WK190412;Maarssenbroek;BU19041203;Fazantenkamp;0333100000017957;WereldKidz Tweesprong Fazantenkamp;Otterman, J.A.;Water Natuurlijk;130;129727;460378;52.13103;5.01810;130202;460563;52.13103;5.01810;129895;460178;52.13271;5.25024;Maarssen;12
WS-HDSR2019;G1904;Stichtse Vecht;WK190412;Maarssenbroek;BU19041203;Fazantenkamp;0333100000017957;WereldKidz Tweesprong Fazantenkamp;Jansen, M.L.E.;Water Natuurlijk;3;129727;460378;52.13103;5.01810;130202;460563;52.13103;5.01810;129895;460178;52.13271;5.25024;Maarssen;12
WS-HDSR2019;G1904;Stichtse Vecht;WK190412;Maarssenbroek;BU19041203;Fazantenkamp;0333100000017957;WereldKidz Tweesprong Fazantenkamp;van der Heijden, J.;Water Natuurlijk;1;129727;460378;52.13103;5.01810;130202;460563;52.13103;5.01810;129895;460178;52.13271;5.25024;Maarssen;12
WS-HDSR2019;G1904;Stichtse Vecht;WK190412;Maarssenbroek;BU19041203;Fazantenkamp;0333100000017957;WereldKidz Tweesprong Fazantenkamp;Oskam, G.A.;Water Natuurlijk;17;129727;460378;52.13103;5.01810;130202;460563;52.13103;5.01810;129895;460178;52.13271;5.25024;Maarssen;12
WS-HDSR2019;G1904;Stichtse Vecht;WK190412;Maarssenbroek;BU19041203;Fazantenkamp;0333100000017957;WereldKidz Tweesprong Fazantenkamp;van der Molen, D.T.;Water Natuurlijk;3;129727;460378;52.13103;5.01810;130202;460563;52.13103;5.01810;129895;460178;52.13271;5.25024;Maarssen;12
WS-HDSR2019;G1904;Stichtse Vecht;WK190412;Maarssenbroek;BU19041203;Fazantenkamp;0333100000017957;WereldKidz Tweesprong Fazantenkamp;Dekker-Groen, A.M.;Water Natuurlijk;3;129727;460378;52.13103;5.01810;130202;460563;52.13103;5.01810;129895;460178;52.13271;5.25024;Maarssen;12
WS-HDSR2019;G1904;Stichtse Vecht;WK190412;Maarssenbroek;BU19041203;Fazantenkamp;0333100000017957;WereldKidz Tweesprong Fazantenkamp;van Dam, H.A.;Water Natuurlijk;6;129727;460378;52.13103;5.01810;130202;460563;52.13103;5.01810;129895;460178;52.13271;5.25024;Maarssen;12
WS-HDSR2019;G1904;Stichtse Vecht;WK190412;Maarssenbroek;BU19041203;Fazantenkamp;0333100000017957;WereldKidz Tweesprong Fazantenkamp;de Boer, R.A.;Water Natuurlijk;0;129727;460378;52.13103;5.01810;130202;460563;52.13103;5.01810;129895;460178;52.13271;5.25024;Maarssen;12
WS-HDSR2019;G1904;Stichtse Vecht;WK190412;Maarssenbroek;BU19041203;Fazantenkamp;0333100000017957;WereldKidz Tweesprong Fazantenkamp;van Berckel, A.R.M.;Water Natuurlijk;0;129727;460378;52.13103;5.01810;130202;460563;52.13103;5.01810;129895;460178;52.13271;5.25024;Maarssen;12
WS-HDSR2019;G1904;Stichtse Vecht;WK190412;Maarssenbroek;BU19041203;Fazantenkamp;0333100000017957;WereldKidz Tweesprong Fazantenkamp;ten Heuw, E.W.;Water Natuurlijk;0;129727;460378;52.13103;5.01810;130202;460563;52.13103;5.01810;129895;460178;52.13271;5.25024;Maarssen;12
WS-HDSR2019;G1904;Stichtse Vecht;WK190412;Maarssenbroek;BU19041203;Fazantenkamp;0333100000017957;WereldKidz Tweesprong Fazantenkamp;van der Wal, R.L.;Water Natuurlijk;0;129727;460378;52.13103;5.01810;130202;460563;52.13103;5.01810;129895;460178;52.13271;5.25024;Maarssen;12
WS-HDSR2019;G1904;Stichtse Vecht;WK190412;Maarssenbroek;BU19041203;Fazantenkamp;0333100000017957;WereldKidz Tweesprong Fazantenkamp;Kortekaas, M.L.;Water Natuurlijk;0;129727;460378;52.13103;5.01810;130202;460563;52.13103;5.01810;129895;460178;52.13271;5.25024;Maarssen;12
WS-HDSR2019;G1904;Stichtse Vecht;WK190412;Maarssenbroek;BU19041203;Fazantenkamp;0333100000017957;WereldKidz Tweesprong Fazantenkamp;Boerkamp, J.G.;Water Natuurlijk;0;129727;460378;52.13103;5.01810;130202;460563;52.13103;5.01810;129895;460178;52.13271;5.25024;Maarssen;12
WS-HDSR2019;G1904;Stichtse Vecht;WK190412;Maarssenbroek;BU19041203;Fazantenkamp;0333100000017957;WereldKidz Tweesprong Fazantenkamp;Nobel, A.C.;Water Natuurlijk;1;129727;460378;52.13103;5.01810;130202;460563;52.13103;5.01810;129895;460178;52.13271;5.25024;Maarssen;12
WS-HDSR2019;G1904;Stichtse Vecht;WK190412;Maarssenbroek;BU19041203;Fazantenkamp;0333100000017957;WereldKidz Tweesprong Fazantenkamp;Kingma, J.H.;Water Natuurlijk;0;129727;460378;52.13103;5.01810;130202;460563;52.13103;5.01810;129895;460178;52.13271;5.25024;Maarssen;12
WS-HDSR2019;G1904;Stichtse Vecht;WK190412;Maarssenbroek;BU19041203;Fazantenkamp;0333100000017957;WereldKidz Tweesprong Fazantenkamp;Aulich, K.M.;Water Natuurlijk;0;129727;460378;52.13103;5.01810;130202;460563;52.13103;5.01810;129895;460178;52.13271;5.25024;Maarssen;12
WS-HDSR2019;G1904;Stichtse Vecht;WK190412;Maarssenbroek;BU19041203;Fazantenkamp;0333100000017957;WereldKidz Tweesprong Fazantenkamp;Veldboer, S.J.H.M.;Water Natuurlijk;0;129727;460378;52.13103;5.01810;130202;460563;52.13103;5.01810;129895;460178;52.13271;5.25024;Maarssen;12
WS-HDSR2019;G1904;Stichtse Vecht;WK190412;Maarssenbroek;BU19041203;Fazantenkamp;0333100000017957;WereldKidz Tweesprong Fazantenkamp;Bijker, W.H.;Water Natuurlijk;2;129727;460378;52.13103;5.01810;130202;460563;52.13103;5.01810;129895;460178;52.13271;5.25024;Maarssen;12
WS-HDSR2019;G1904;Stichtse Vecht;WK190412;Maarssenbroek;BU19041203;Fazantenkamp;0333100000017957;WereldKidz Tweesprong Fazantenkamp;Tigchelhoff, A.;Water Natuurlijk;1;129727;460378;52.13103;5.01810;130202;460563;52.13103;5.01810;129895;460178;52.13271;5.25024;Maarssen;12
WS-HDSR2019;G1904;Stichtse Vecht;WK190412;Maarssenbroek;BU19041203;Fazantenkamp;0333100000017957;WereldKidz Tweesprong Fazantenkamp;Kloppenborg, J.F.M.;Water Natuurlijk;0;129727;460378;52.13103;5.01810;130202;460563;52.13103;5.01810;129895;460178;52.13271;5.25024;Maarssen;12
WS-HDSR2019;G1904;Stichtse Vecht;WK190412;Maarssenbroek;BU19041203;Fazantenkamp;0333100000017957;WereldKidz Tweesprong Fazantenkamp;Goedvolk, P.A.M.;Water Natuurlijk;2;129727;460378;52.13103;5.01810;130202;460563;52.13103;5.01810;129895;460178;52.13271;5.25024;Maarssen;12
WS-HDSR2019;G1904;Stichtse Vecht;WK190412;Maarssenbroek;BU19041203;Fazantenkamp;0333100000017957;WereldKidz Tweesprong Fazantenkamp;Ket, P.C.;Water Natuurlijk;0;129727;460378;52.13103;5.01810;130202;460563;52.13103;5.01810;129895;460178;52.13271;5.25024;Maarssen;12
WS-HDSR2019;G1904;Stichtse Vecht;WK190412;Maarssenbroek;BU19041203;Fazantenkamp;0333100000017957;WereldKidz Tweesprong Fazantenkamp;Gnodde, M.W.J.;Water Natuurlijk;0;129727;460378;52.13103;5.01810;130202;460563;52.13103;5.01810;129895;460178;52.13271;5.25024;Maarssen;12
WS-HDSR2019;G1904;Stichtse Vecht;WK190412;Maarssenbroek;BU19041203;Fazantenkamp;0333100000017957;WereldKidz Tweesprong Fazantenkamp;Zandvliet, H.C.A.;Water Natuurlijk;0;129727;460378;52.13103;5.01810;130202;460563;52.13103;5.01810;129895;460178;52.13271;5.25024;Maarssen;12
WS-HDSR2019;G1904;Stichtse Vecht;WK190412;Maarssenbroek;BU19041203;Fazantenkamp;0333100000017957;WereldKidz Tweesprong Fazantenkamp;Karelse, J.J.H.G.D.;Water Natuurlijk;1;129727;460378;52.13103;5.01810;130202;460563;52.13103;5.01810;129895;460178;52.13271;5.25024;Maarssen;12
WS-HDSR2019;G1904;Stichtse Vecht;WK190412;Maarssenbroek;BU19041203;Fazantenkamp;0333100000017957;WereldKidz Tweesprong Fazantenkamp;Schuhmacher, T.;Water Natuurlijk;24;129727;460378;52.13103;5.01810;130202;460563;52.13103;5.01810;129895;460178;52.13271;5.25024;Maarssen;12
WS-HDSR2019;G1904;Stichtse Vecht;WK190412;Maarssenbroek;BU19041203;Fazantenkamp;0333100000017957;WereldKidz Tweesprong Fazantenkamp;Dirkse, F.R.;Water Natuurlijk;0;129727;460378;52.13103;5.01810;130202;460563;52.13103;5.01810;129895;460178;52.13271;5.25024;Maarssen;12
WS-HDSR2019;G1904;Stichtse Vecht;WK190412;Maarssenbroek;BU19041203;Fazantenkamp;0333100000017957;WereldKidz Tweesprong Fazantenkamp;Hoogeveen, H.J.;Water Natuurlijk;0;129727;460378;52.13103;5.01810;130202;460563;52.13103;5.01810;129895;460178;52.13271;5.25024;Maarssen;12
WS-HDSR2019;G1904;Stichtse Vecht;WK190412;Maarssenbroek;BU19041203;Fazantenkamp;0333100000017957;WereldKidz Tweesprong Fazantenkamp;Langenbach, J.W.H.;Water Natuurlijk;0;129727;460378;52.13103;5.01810;130202;460563;52.13103;5.01810;129895;460178;52.13271;5.25024;Maarssen;12
WS-HDSR2019;G1904;Stichtse Vecht;WK190412;Maarssenbroek;BU19041203;Fazantenkamp;0333100000017957;WereldKidz Tweesprong Fazantenkamp;Boot, J.L.J.;Water Natuurlijk;1;129727;460378;52.13103;5.01810;130202;460563;52.13103;5.01810;129895;460178;52.13271;5.25024;Maarssen;12
WS-HDSR2019;G1904;Stichtse Vecht;WK190412;Maarssenbroek;BU19041203;Fazantenkamp;0333100000017957;WereldKidz Tweesprong Fazantenkamp;van der Vorm-Gouman, E.;Water Natuurlijk;0;129727;460378;52.13103;5.01810;130202;460563;52.13103;5.01810;129895;460178;52.13271;5.25024;Maarssen;12
WS-HDSR2019;G1904;Stichtse Vecht;WK190412;Maarssenbroek;BU19041203;Fazantenkamp;0333100000017957;WereldKidz Tweesprong Fazantenkamp;Jansen, G.J.P.;Water Natuurlijk;0;129727;460378;52.13103;5.01810;130202;460563;52.13103;5.01810;129895;460178;52.13271;5.25024;Maarssen;12
WS-HDSR2019;G1904;Stichtse Vecht;WK190412;Maarssenbroek;BU19041203;Fazantenkamp;0333100000017957;WereldKidz Tweesprong Fazantenkamp;Becht, G.F.;Water Natuurlijk;0;129727;460378;52.13103;5.01810;130202;460563;52.13103;5.01810;129895;460178;52.13271;5.25024;Maarssen;12
WS-HDSR2019;G1904;Stichtse Vecht;WK190412;Maarssenbroek;BU19041203;Fazantenkamp;0333100000017957;WereldKidz Tweesprong Fazantenkamp;van Oostenbrugge, R.;Water Natuurlijk;0;129727;460378;52.13103;5.01810;130202;460563;52.13103;5.01810;129895;460178;52.13271;5.25024;Maarssen;12
WS-HDSR2019;G1904;Stichtse Vecht;WK190412;Maarssenbroek;BU19041203;Fazantenkamp;0333100000017957;WereldKidz Tweesprong Fazantenkamp;de Jonge, P.C.;Water Natuurlijk;0;129727;460378;52.13103;5.01810;130202;460563;52.13103;5.01810;129895;460178;52.13271;5.25024;Maarssen;12
WS-HDSR2019;G1904;Stichtse Vecht;WK190412;Maarssenbroek;BU19041203;Fazantenkamp;0333100000017957;WereldKidz Tweesprong Fazantenkamp;Naber, J.M.L.;Water Natuurlijk;0;129727;460378;52.13103;5.01810;130202;460563;52.13103;5.01810;129895;460178;52.13271;5.25024;Maarssen;12
WS-HDSR2019;G1904;Stichtse Vecht;WK190412;Maarssenbroek;BU19041203;Fazantenkamp;0333100000017957;WereldKidz Tweesprong Fazantenkamp;Duindam, J.I.M.;Water Natuurlijk;0;129727;460378;52.13103;5.01810;130202;460563;52.13103;5.01810;129895;460178;52.13271;5.25024;Maarssen;12
WS-HDSR2019;G1904;Stichtse Vecht;WK190412;Maarssenbroek;BU19041203;Fazantenkamp;0333100000017957;WereldKidz Tweesprong Fazantenkamp;Lintmeijer, F.C.W.C.;Water Natuurlijk;0;129727;460378;52.13103;5.01810;130202;460563;52.13103;5.01810;129895;460178;52.13271;5.25024;Maarssen;12
WS-HDSR2019;G1904;Stichtse Vecht;WK190412;Maarssenbroek;BU19041203;Fazantenkamp;0333100000017957;WereldKidz Tweesprong Fazantenkamp;Koster-Dreese, Y.;Water Natuurlijk;0;129727;460378;52.13103;5.01810;130202;460563;52.13103;5.01810;129895;460178;52.13271;5.25024;Maarssen;12
WS-HDSR2019;G1904;Stichtse Vecht;WK190412;Maarssenbroek;BU19041203;Fazantenkamp;0333100000017957;WereldKidz Tweesprong Fazantenkamp;Beugelink, G.P.;Water Natuurlijk;0;129727;460378;52.13103;5.01810;130202;460563;52.13103;5.01810;129895;460178;52.13271;5.25024;Maarssen;12
WS-HDSR2019;G1904;Stichtse Vecht;WK190412;Maarssenbroek;BU19041203;Fazantenkamp;0333100000017957;WereldKidz Tweesprong Fazantenkamp;van Essen, H.P.;Water Natuurlijk;0;129727;460378;52.13103;5.01810;130202;460563;52.13103;5.01810;129895;460178;52.13271;5.25024;Maarssen;12
WS-HDSR2019;G1904;Stichtse Vecht;WK190412;Maarssenbroek;BU19041203;Fazantenkamp;0333100000017957;WereldKidz Tweesprong Fazantenkamp;Snoeren, P.W.M.;Water Natuurlijk;1;129727;460378;52.13103;5.01810;130202;460563;52.13103;5.01810;129895;460178;52.13271;5.25024;Maarssen;12
WS-HDSR2019;G1904;Stichtse Vecht;WK190412;Maarssenbroek;BU19041203;Fazantenkamp;0333100000017957;WereldKidz Tweesprong Fazantenkamp;Groenendijk, S.;VVD;168;129727;460378;52.13103;5.01810;130202;460563;52.13103;5.01810;129895;460178;52.13271;5.25024;Maarssen;12
WS-HDSR2019;G1904;Stichtse Vecht;WK190412;Maarssenbroek;BU19041203;Fazantenkamp;0333100000017957;WereldKidz Tweesprong Fazantenkamp;van der Sterre, P.J.;VVD;2;129727;460378;52.13103;5.01810;130202;460563;52.13103;5.01810;129895;460178;52.13271;5.25024;Maarssen;12
WS-HDSR2019;G1904;Stichtse Vecht;WK190412;Maarssenbroek;BU19041203;Fazantenkamp;0333100000017957;WereldKidz Tweesprong Fazantenkamp;Eijsbroek, N.;VVD;14;129727;460378;52.13103;5.01810;130202;460563;52.13103;5.01810;129895;460178;52.13271;5.25024;Maarssen;12
WS-HDSR2019;G1904;Stichtse Vecht;WK190412;Maarssenbroek;BU19041203;Fazantenkamp;0333100000017957;WereldKidz Tweesprong Fazantenkamp;van Winden, A.J.;VVD;2;129727;460378;52.13103;5.01810;130202;460563;52.13103;5.01810;129895;460178;52.13271;5.25024;Maarssen;12
WS-HDSR2019;G1904;Stichtse Vecht;WK190412;Maarssenbroek;BU19041203;Fazantenkamp;0333100000017957;WereldKidz Tweesprong Fazantenkamp;van Baaren, J.;VVD;1;129727;460378;52.13103;5.01810;130202;460563;52.13103;5.01810;129895;460178;52.13271;5.25024;Maarssen;12
WS-HDSR2019;G1904;Stichtse Vecht;WK190412;Maarssenbroek;BU19041203;Fazantenkamp;0333100000017957;WereldKidz Tweesprong Fazantenkamp;Kapper, S.R.;VVD;2;129727;460378;52.13103;5.01810;130202;460563;52.13103;5.01810;129895;460178;52.13271;5.25024;Maarssen;12
WS-HDSR2019;G1904;Stichtse Vecht;WK190412;Maarssenbroek;BU19041203;Fazantenkamp;0333100000017957;WereldKidz Tweesprong Fazantenkamp;Michielsen, P.F.M.;VVD;0;129727;460378;52.13103;5.01810;130202;460563;52.13103;5.01810;129895;460178;52.13271;5.25024;Maarssen;12
WS-HDSR2019;G1904;Stichtse Vecht;WK190412;Maarssenbroek;BU19041203;Fazantenkamp;0333100000017957;WereldKidz Tweesprong Fazantenkamp;Trapman, E.G.J.H.;VVD;0;129727;460378;52.13103;5.01810;130202;460563;52.13103;5.01810;129895;460178;52.13271;5.25024;Maarssen;12
WS-HDSR2019;G1904;Stichtse Vecht;WK190412;Maarssenbroek;BU19041203;Fazantenkamp;0333100000017957;WereldKidz Tweesprong Fazantenkamp;de Jong, B.;CDA;39;129727;460378;52.13103;5.01810;130202;460563;52.13103;5.01810;129895;460178;52.13271;5.25024;Maarssen;12
WS-HDSR2019;G1904;Stichtse Vecht;WK190412;Maarssenbroek;BU19041203;Fazantenkamp;0333100000017957;WereldKidz Tweesprong Fazantenkamp;Sommer-de Vries, K.H.;CDA;10;129727;460378;52.13103;5.01810;130202;460563;52.13103;5.01810;129895;460178;52.13271;5.25024;Maarssen;12
WS-HDSR2019;G1904;Stichtse Vecht;WK190412;Maarssenbroek;BU19041203;Fazantenkamp;0333100000017957;WereldKidz Tweesprong Fazantenkamp;Droogers, J.A.G.W.;CDA;4;129727;460378;52.13103;5.01810;130202;460563;52.13103;5.01810;129895;460178;52.13271;5.25024;Maarssen;12
WS-HDSR2019;G1904;Stichtse Vecht;WK190412;Maarssenbroek;BU19041203;Fazantenkamp;0333100000017957;WereldKidz Tweesprong Fazantenkamp;Bakker, P.J.I.;CDA;3;129727;460378;52.13103;5.01810;130202;460563;52.13103;5.01810;129895;460178;52.13271;5.25024;Maarssen;12
WS-HDSR2019;G1904;Stichtse Vecht;WK190412;Maarssenbroek;BU19041203;Fazantenkamp;0333100000017957;WereldKidz Tweesprong Fazantenkamp;de Roos, T.L.;CDA;0;129727;460378;52.13103;5.01810;130202;460563;52.13103;5.01810;129895;460178;52.13271;5.25024;Maarssen;12
WS-HDSR2019;G1904;Stichtse Vecht;WK190412;Maarssenbroek;BU19041203;Fazantenkamp;0333100000017957;WereldKidz Tweesprong Fazantenkamp;Roorda, F.A.;CDA;0;129727;460378;52.13103;5.01810;130202;460563;52.13103;5.01810;129895;460178;52.13271;5.25024;Maarssen;12
WS-HDSR2019;G1904;Stichtse Vecht;WK190412;Maarssenbroek;BU19041203;Fazantenkamp;0333100000017957;WereldKidz Tweesprong Fazantenkamp;Adriani-Wempe, H.J.;CDA;1;129727;460378;52.13103;5.01810;130202;460563;52.13103;5.01810;129895;460178;52.13271;5.25024;Maarssen;12
WS-HDSR2019;G1904;Stichtse Vecht;WK190412;Maarssenbroek;BU19041203;Fazantenkamp;0333100000017957;WereldKidz Tweesprong Fazantenkamp;Verbij, A.L.G.;CDA;1;129727;460378;52.13103;5.01810;130202;460563;52.13103;5.01810;129895;460178;52.13271;5.25024;Maarssen;12
WS-HDSR2019;G1904;Stichtse Vecht;WK190412;Maarssenbroek;BU19041203;Fazantenkamp;0333100000017957;WereldKidz Tweesprong Fazantenkamp;van Arendonk, L.A.A.M.;CDA;0;129727;460378;52.13103;5.01810;130202;460563;52.13103;5.01810;129895;460178;52.13271;5.25024;Maarssen;12
WS-HDSR2019;G1904;Stichtse Vecht;WK190412;Maarssenbroek;BU19041203;Fazantenkamp;0333100000017957;WereldKidz Tweesprong Fazantenkamp;van Petersen, H.G.J.;CDA;0;129727;460378;52.13103;5.01810;130202;460563;52.13103;5.01810;129895;460178;52.13271;5.25024;Maarssen;12
WS-HDSR2019;G1904;Stichtse Vecht;WK190412;Maarssenbroek;BU19041203;Fazantenkamp;0333100000017957;WereldKidz Tweesprong Fazantenkamp;Vinkenburg, J.H.W.M.;CDA;1;129727;460378;52.13103;5.01810;130202;460563;52.13103;5.01810;129895;460178;52.13271;5.25024;Maarssen;12
WS-HDSR2019;G1904;Stichtse Vecht;WK190412;Maarssenbroek;BU19041203;Fazantenkamp;0333100000017957;WereldKidz Tweesprong Fazantenkamp;van der Spek, W.J.;CDA;0;129727;460378;52.13103;5.01810;130202;460563;52.13103;5.01810;129895;460178;52.13271;5.25024;Maarssen;12
WS-HDSR2019;G1904;Stichtse Vecht;WK190412;Maarssenbroek;BU19041203;Fazantenkamp;0333100000017957;WereldKidz Tweesprong Fazantenkamp;de Regt, A.M.;CDA;0;129727;460378;52.13103;5.01810;130202;460563;52.13103;5.01810;129895;460178;52.13271;5.25024;Maarssen;12
WS-HDSR2019;G1904;Stichtse Vecht;WK190412;Maarssenbroek;BU19041203;Fazantenkamp;0333100000017957;WereldKidz Tweesprong Fazantenkamp;Overbeek, K.B.J.;CDA;20;129727;460378;52.13103;5.01810;130202;460563;52.13103;5.01810;129895;460178;52.13271;5.25024;Maarssen;12
WS-HDSR2019;G1904;Stichtse Vecht;WK190412;Maarssenbroek;BU19041203;Fazantenkamp;0333100000017957;WereldKidz Tweesprong Fazantenkamp;Jonkers, C.A.;CDA;0;129727;460378;52.13103;5.01810;130202;460563;52.13103;5.01810;129895;460178;52.13271;5.25024;Maarssen;12
WS-HDSR2019;G1904;Stichtse Vecht;WK190412;Maarssenbroek;BU19041203;Fazantenkamp;0333100000017957;WereldKidz Tweesprong Fazantenkamp;Bunnik, R.P.;CDA;0;129727;460378;52.13103;5.01810;130202;460563;52.13103;5.01810;129895;460178;52.13271;5.25024;Maarssen;12
WS-HDSR2019;G1904;Stichtse Vecht;WK190412;Maarssenbroek;BU19041203;Fazantenkamp;0333100000017957;WereldKidz Tweesprong Fazantenkamp;van der Honing, H.;CDA;0;129727;460378;52.13103;5.01810;130202;460563;52.13103;5.01810;129895;460178;52.13271;5.25024;Maarssen;12
WS-HDSR2019;G1904;Stichtse Vecht;WK190412;Maarssenbroek;BU19041203;Fazantenkamp;0333100000017957;WereldKidz Tweesprong Fazantenkamp;Keestra, J.M.;CDA;1;129727;460378;52.13103;5.01810;130202;460563;52.13103;5.01810;129895;460178;52.13271;5.25024;Maarssen;12
WS-HDSR2019;G1904;Stichtse Vecht;WK190412;Maarssenbroek;BU19041203;Fazantenkamp;0333100000017957;WereldKidz Tweesprong Fazantenkamp;van Wijk, W.A.M.;CDA;0;129727;460378;52.13103;5.01810;130202;460563;52.13103;5.01810;129895;460178;52.13271;5.25024;Maarssen;12
WS-HDSR2019;G1904;Stichtse Vecht;WK190412;Maarssenbroek;BU19041203;Fazantenkamp;0333100000017957;WereldKidz Tweesprong Fazantenkamp;Vernie, L.N.;CDA;0;129727;460378;52.13103;5.01810;130202;460563;52.13103;5.01810;129895;460178;52.13271;5.25024;Maarssen;12
WS-HDSR2019;G1904;Stichtse Vecht;WK190412;Maarssenbroek;BU19041203;Fazantenkamp;0333100000017957;WereldKidz Tweesprong Fazantenkamp;Tiggeloven, A.B.M.;CDA;0;129727;460378;52.13103;5.01810;130202;460563;52.13103;5.01810;129895;460178;52.13271;5.25024;Maarssen;12
WS-HDSR2019;G1904;Stichtse Vecht;WK190412;Maarssenbroek;BU19041203;Fazantenkamp;0333100000017957;WereldKidz Tweesprong Fazantenkamp;Muijs, A.J.A.;CDA;0;129727;460378;52.13103;5.01810;130202;460563;52.13103;5.01810;129895;460178;52.13271;5.25024;Maarssen;12
WS-HDSR2019;G1904;Stichtse Vecht;WK190412;Maarssenbroek;BU19041203;Fazantenkamp;0333100000017957;WereldKidz Tweesprong Fazantenkamp;van Kippersluis, F.P.;CDA;0;129727;460378;52.13103;5.01810;130202;460563;52.13103;5.01810;129895;460178;52.13271;5.25024;Maarssen;12
WS-HDSR2019;G1904;Stichtse Vecht;WK190412;Maarssenbroek;BU19041203;Fazantenkamp;0333100000017957;WereldKidz Tweesprong Fazantenkamp;Migchels, G.;CDA;0;129727;460378;52.13103;5.01810;130202;460563;52.13103;5.01810;129895;460178;52.13271;5.25024;Maarssen;12
WS-HDSR2019;G1904;Stichtse Vecht;WK190412;Maarssenbroek;BU19041203;Fazantenkamp;0333100000017957;WereldKidz Tweesprong Fazantenkamp;Baars, J.G.;CDA;0;129727;460378;52.13103;5.01810;130202;460563;52.13103;5.01810;129895;460178;52.13271;5.25024;Maarssen;12
WS-HDSR2019;G1904;Stichtse Vecht;WK190412;Maarssenbroek;BU19041203;Fazantenkamp;0333100000017957;WereldKidz Tweesprong Fazantenkamp;Blom-Oosterhoff, R.C.;CDA;0;129727;460378;52.13103;5.01810;130202;460563;52.13103;5.01810;129895;460178;52.13271;5.25024;Maarssen;12
WS-HDSR2019;G1904;Stichtse Vecht;WK190412;Maarssenbroek;BU19041203;Fazantenkamp;0333100000017957;WereldKidz Tweesprong Fazantenkamp;Jansen op de Haar, C.G.;Partij van de Arbeid (P.v.d.A.);60;129727;460378;52.13103;5.01810;130202;460563;52.13103;5.01810;129895;460178;52.13271;5.25024;Maarssen;12
WS-HDSR2019;G1904;Stichtse Vecht;WK190412;Maarssenbroek;BU19041203;Fazantenkamp;0333100000017957;WereldKidz Tweesprong Fazantenkamp;van Zoelen, N.M.;Partij van de Arbeid (P.v.d.A.);29;129727;460378;52.13103;5.01810;130202;460563;52.13103;5.01810;129895;460178;52.13271;5.25024;Maarssen;12
WS-HDSR2019;G1904;Stichtse Vecht;WK190412;Maarssenbroek;BU19041203;Fazantenkamp;0333100000017957;WereldKidz Tweesprong Fazantenkamp;van Bork, F.J.;Partij van de Arbeid (P.v.d.A.);0;129727;460378;52.13103;5.01810;130202;460563;52.13103;5.01810;129895;460178;52.13271;5.25024;Maarssen;12
WS-HDSR2019;G1904;Stichtse Vecht;WK190412;Maarssenbroek;BU19041203;Fazantenkamp;0333100000017957;WereldKidz Tweesprong Fazantenkamp;Heesen, W.A.;Partij van de Arbeid (P.v.d.A.);0;129727;460378;52.13103;5.01810;130202;460563;52.13103;5.01810;129895;460178;52.13271;5.25024;Maarssen;12
WS-HDSR2019;G1904;Stichtse Vecht;WK190412;Maarssenbroek;BU19041203;Fazantenkamp;0333100000017957;WereldKidz Tweesprong Fazantenkamp;Reerink, J.G.M.;Partij van de Arbeid (P.v.d.A.);0;129727;460378;52.13103;5.01810;130202;460563;52.13103;5.01810;129895;460178;52.13271;5.25024;Maarssen;12
WS-HDSR2019;G1904;Stichtse Vecht;WK190412;Maarssenbroek;BU19041203;Fazantenkamp;0333100000017957;WereldKidz Tweesprong Fazantenkamp;Mulder, G.G.J.;Partij van de Arbeid (P.v.d.A.);1;129727;460378;52.13103;5.01810;130202;460563;52.13103;5.01810;129895;460178;52.13271;5.25024;Maarssen;12
WS-HDSR2019;G1904;Stichtse Vecht;WK190412;Maarssenbroek;BU19041203;Fazantenkamp;0333100000017957;WereldKidz Tweesprong Fazantenkamp;Steen, J.H.;Partij van de Arbeid (P.v.d.A.);2;129727;460378;52.13103;5.01810;130202;460563;52.13103;5.01810;129895;460178;52.13271;5.25024;Maarssen;12
WS-HDSR2019;G1904;Stichtse Vecht;WK190412;Maarssenbroek;BU19041203;Fazantenkamp;0333100000017957;WereldKidz Tweesprong Fazantenkamp;Jeddaoui, S.;Partij van de Arbeid (P.v.d.A.);19;129727;460378;52.13103;5.01810;130202;460563;52.13103;5.01810;129895;460178;52.13271;5.25024;Maarssen;12
WS-HDSR2019;G1904;Stichtse Vecht;WK190412;Maarssenbroek;BU19041203;Fazantenkamp;0333100000017957;WereldKidz Tweesprong Fazantenkamp;Meijerink, M.S.J.;Partij van de Arbeid (P.v.d.A.);0;129727;460378;52.13103;5.01810;130202;460563;52.13103;5.01810;129895;460178;52.13271;5.25024;Maarssen;12
WS-HDSR2019;G1904;Stichtse Vecht;WK190412;Maarssenbroek;BU19041203;Fazantenkamp;0333100000017957;WereldKidz Tweesprong Fazantenkamp;Dubbink, J.;Partij van de Arbeid (P.v.d.A.);0;129727;460378;52.13103;5.01810;130202;460563;52.13103;5.01810;129895;460178;52.13271;5.25024;Maarssen;12
WS-HDSR2019;G1904;Stichtse Vecht;WK190412;Maarssenbroek;BU19041203;Fazantenkamp;0333100000017957;WereldKidz Tweesprong Fazantenkamp;Kaas, D.;Partij van de Arbeid (P.v.d.A.);0;129727;460378;52.13103;5.01810;130202;460563;52.13103;5.01810;129895;460178;52.13271;5.25024;Maarssen;12
WS-HDSR2019;G1904;Stichtse Vecht;WK190412;Maarssenbroek;BU19041203;Fazantenkamp;0333100000017957;WereldKidz Tweesprong Fazantenkamp;van Dijk, M.J.;Partij van de Arbeid (P.v.d.A.);16;129727;460378;52.13103;5.01810;130202;460563;52.13103;5.01810;129895;460178;52.13271;5.25024;Maarssen;12
WS-HDSR2019;G1904;Stichtse Vecht;WK190412;Maarssenbroek;BU19041203;Fazantenkamp;0333100000017957;WereldKidz Tweesprong Fazantenkamp;Boer, A.;Partij van de Arbeid (P.v.d.A.);2;129727;460378;52.13103;5.01810;130202;460563;52.13103;5.01810;129895;460178;52.13271;5.25024;Maarssen;12
WS-HDSR2019;G1904;Stichtse Vecht;WK190412;Maarssenbroek;BU19041203;Fazantenkamp;0333100000017957;WereldKidz Tweesprong Fazantenkamp;Dibi, B.;Partij van de Arbeid (P.v.d.A.);2;129727;460378;52.13103;5.01810;130202;460563;52.13103;5.01810;129895;460178;52.13271;5.25024;Maarssen;12
WS-HDSR2019;G1904;Stichtse Vecht;WK190412;Maarssenbroek;BU19041203;Fazantenkamp;0333100000017957;WereldKidz Tweesprong Fazantenkamp;van Hoof-Ward, M.;Partij van de Arbeid (P.v.d.A.);0;129727;460378;52.13103;5.01810;130202;460563;52.13103;5.01810;129895;460178;52.13271;5.25024;Maarssen;12
WS-HDSR2019;G1904;Stichtse Vecht;WK190412;Maarssenbroek;BU19041203;Fazantenkamp;0333100000017957;WereldKidz Tweesprong Fazantenkamp;van Alfen, I.H.;Partij van de Arbeid (P.v.d.A.);0;129727;460378;52.13103;5.01810;130202;460563;52.13103;5.01810;129895;460178;52.13271;5.25024;Maarssen;12
WS-HDSR2019;G1904;Stichtse Vecht;WK190412;Maarssenbroek;BU19041203;Fazantenkamp;0333100000017957;WereldKidz Tweesprong Fazantenkamp;Vellekoop, L.E.C.;Partij van de Arbeid (P.v.d.A.);1;129727;460378;52.13103;5.01810;130202;460563;52.13103;5.01810;129895;460178;52.13271;5.25024;Maarssen;12
WS-HDSR2019;G1904;Stichtse Vecht;WK190412;Maarssenbroek;BU19041203;Fazantenkamp;0333100000017957;WereldKidz Tweesprong Fazantenkamp;Travaille, A.;Partij voor de Dieren;57;129727;460378;52.13103;5.01810;130202;460563;52.13103;5.01810;129895;460178;52.13271;5.25024;Maarssen;12
WS-HDSR2019;G1904;Stichtse Vecht;WK190412;Maarssenbroek;BU19041203;Fazantenkamp;0333100000017957;WereldKidz Tweesprong Fazantenkamp;van der Steeg, W.;Partij voor de Dieren;5;129727;460378;52.13103;5.01810;130202;460563;52.13103;5.01810;129895;460178;52.13271;5.25024;Maarssen;12
WS-HDSR2019;G1904;Stichtse Vecht;WK190412;Maarssenbroek;BU19041203;Fazantenkamp;0333100000017957;WereldKidz Tweesprong Fazantenkamp;van der Kruk, R.;Partij voor de Dieren;4;129727;460378;52.13103;5.01810;130202;460563;52.13103;5.01810;129895;460178;52.13271;5.25024;Maarssen;12
WS-HDSR2019;G1904;Stichtse Vecht;WK190412;Maarssenbroek;BU19041203;Fazantenkamp;0333100000017957;WereldKidz Tweesprong Fazantenkamp;Dam, F.;Partij voor de Dieren;1;129727;460378;52.13103;5.01810;130202;460563;52.13103;5.01810;129895;460178;52.13271;5.25024;Maarssen;12
WS-HDSR2019;G1904;Stichtse Vecht;WK190412;Maarssenbroek;BU19041203;Fazantenkamp;0333100000017957;WereldKidz Tweesprong Fazantenkamp;Hendriks, M.A.;Partij voor de Dieren;20;129727;460378;52.13103;5.01810;130202;460563;52.13103;5.01810;129895;460178;52.13271;5.25024;Maarssen;12
WS-HDSR2019;G1904;Stichtse Vecht;WK190412;Maarssenbroek;BU19041203;Fazantenkamp;0333100000017957;WereldKidz Tweesprong Fazantenkamp;Korteweg, E.I.;Partij voor de Dieren;5;129727;460378;52.13103;5.01810;130202;460563;52.13103;5.01810;129895;460178;52.13271;5.25024;Maarssen;12
WS-HDSR2019;G1904;Stichtse Vecht;WK190412;Maarssenbroek;BU19041203;Fazantenkamp;0333100000017957;WereldKidz Tweesprong Fazantenkamp;Verkleij-Torenbeek, C.;Partij voor de Dieren;3;129727;460378;52.13103;5.01810;130202;460563;52.13103;5.01810;129895;460178;52.13271;5.25024;Maarssen;12
WS-HDSR2019;G1904;Stichtse Vecht;WK190412;Maarssenbroek;BU19041203;Fazantenkamp;0333100000017957;WereldKidz Tweesprong Fazantenkamp;Oskam, S.W.;Partij voor de Dieren;1;129727;460378;52.13103;5.01810;130202;460563;52.13103;5.01810;129895;460178;52.13271;5.25024;Maarssen;12
WS-HDSR2019;G1904;Stichtse Vecht;WK190412;Maarssenbroek;BU19041203;Fazantenkamp;0333100000017957;WereldKidz Tweesprong Fazantenkamp;Bodewitz, W.A.;Partij voor de Dieren;3;129727;460378;52.13103;5.01810;130202;460563;52.13103;5.01810;129895;460178;52.13271;5.25024;Maarssen;12
WS-HDSR2019;G1904;Stichtse Vecht;WK190412;Maarssenbroek;BU19041203;Fazantenkamp;0333100000017957;WereldKidz Tweesprong Fazantenkamp;Verkaik, E.;Waterschap@inwonersbelangen;39;129727;460378;52.13103;5.01810;130202;460563;52.13103;5.01810;129895;460178;52.13271;5.25024;Maarssen;12
WS-HDSR2019;G1904;Stichtse Vecht;WK190412;Maarssenbroek;BU19041203;Fazantenkamp;0333100000017957;WereldKidz Tweesprong Fazantenkamp;Ketting, H.B.G.;Waterschap@inwonersbelangen;13;129727;460378;52.13103;5.01810;130202;460563;52.13103;5.01810;129895;460178;52.13271;5.25024;Maarssen;12
WS-HDSR2019;G1904;Stichtse Vecht;WK190412;Maarssenbroek;BU19041203;Fazantenkamp;0333100000017957;WereldKidz Tweesprong Fazantenkamp;Haaxma, A.;Waterschap@inwonersbelangen;7;129727;460378;52.13103;5.01810;130202;460563;52.13103;5.01810;129895;460178;52.13271;5.25024;Maarssen;12
WS-HDSR2019;G1904;Stichtse Vecht;WK190412;Maarssenbroek;BU19041203;Fazantenkamp;0333100000017957;WereldKidz Tweesprong Fazantenkamp;Zandbergen, G.;Waterschap@inwonersbelangen;0;129727;460378;52.13103;5.01810;130202;460563;52.13103;5.01810;129895;460178;52.13271;5.25024;Maarssen;12
WS-HDSR2019;G1904;Stichtse Vecht;WK190412;Maarssenbroek;BU19041203;Fazantenkamp;0333100000017957;WereldKidz Tweesprong Fazantenkamp;van Leeuwen-van der Horst, L.P.T.;Waterschap@inwonersbelangen;5;129727;460378;52.13103;5.01810;130202;460563;52.13103;5.01810;129895;460178;52.13271;5.25024;Maarssen;12
